Mode	X(mm)	Y(mm)	Z(mm)	Pmod	Vel/Time
1	0.000000	0.000000	0	0	0
0	1.0	0.0	0	1.0	3.0	0.9999999999999999
0	2.0	0.0	0	1.0	3.0	0.9999999999999999
0	3.0	0.0	0	1.0	3.0	0.9999999999999999
0	4.0	0.0	0	1.0	3.0	0.9999999999999999
0	5.0	0.0	0	1.0	3.0	0.9999999999999999
0	6.0	0.0	0	1.0	3.0	0.9999999999999999
0	7.0	0.0	0	1.0	3.0	0.9999999999999999
0	8.0	0.0	0	1.0	3.0	0.9999999999999999
0	9.0	0.0	0	1.0	3.0	0.9999999999999999
0	10.0	0.0	0	1.0	3.0	0.9999999999999999
0	10.0	0.1	0	1.0	3.0	0.9999999999999999
0	9.0	0.1	0	0.27440096042495005	1.5766894420302422	1.3106905430651055
0	8.0	0.1	0	0.7384013856674277	3.6142985302797443	1.0145254301231605
0	7.0	0.1	0	0.8053670991119919	3.4552859966669422	1.0021607533316128
0	6.0	0.1	0	0.8396623798680255	3.361771377511851	0.9985397825767682
0	5.0	0.1	0	0.8636039820031454	3.298986464540235	0.9963396323517063
0	4.0	0.1	0	0.8812660351486356	3.2544220549820673	0.9950702394394851
0	3.0	0.1	0	0.894973058574496	3.221102724680889	0.9942753538131037
0	2.0	0.1	0	0.9059280382946093	3.1952496383287583	0.9937848854305402
0	1.0	0.1	0	0.9148130932933375	3.1747185231991244	0.9935401652389874
0	0.0	0.1	0	0.9306516883976794	3.1458680972369204	1.0099743750597203
