Mode	X(mm)	Y(mm)	Z(mm)	Pmod	Vel/Time
1	0.000000	0.000000	0	0	0
0	5.0	0.0	0	1.0	3.0	1.0
0	10.0	0.0	0	1.0	3.0	1.0
0	9.942265	0.1	0	1.0	3.0	1.0
0	4.942265000000001	0.1	0	0.792014084071148	3.0	1.0250945674815
0	0.057735	0.1	0	0.8879353231503889	3.0	1.0120991636399999
0	0.11547	0.2	0	0.8879353231503889	3.0	1.0120991636399999
0	5.11547	0.2	0	0.7179362327288477	3.0	1.022585400931
0	9.88453	0.2	0	0.8178646957763456	3.0	1.0172198652555
0	9.826795	0.3	0	0.8178646957763456	3.0	1.0172198652555
0	4.826795000000001	0.3	0	0.6950384067946659	3.0	1.0247547403969999
0	0.173205	0.3	0	0.78975358729285	3.0	1.025977703888
0	0.23094	0.4	0	0.78975358729285	3.0	1.025977703888
0	5.23094	0.4	0	0.6760279797985322	3.0	1.0262770610954999
0	9.76906	0.4	0	0.7671761358712987	3.0	1.0266630238644998
0	9.711325	0.5	0	0.7671761358712987	3.0	1.0266630238644998
0	4.711325	0.5	0	0.6665059669137632	3.0	1.024784165781
0	0.288675	0.5	0	0.7534116868181604	3.0	1.029258287645
0	0.34641	0.6	0	0.7534116868181604	3.0	1.029258287645
0	5.34641	0.6	0	0.6665059669137632	3.0	1.024784165781
0	9.65359	0.6	0	0.7429774297326796	3.0	1.029268530865
0	9.595855	0.7	0	0.7429774297326796	3.0	1.029268530865
0	4.595855	0.7	0	0.655145109373053	3.0	1.0192399396895
0	0.404145	0.7	0	0.7335843243276474	3.0	1.0304747140485
0	0.46188	0.8	0	0.7335843243276474	3.0	1.0304747140485
0	5.46188	0.8	0	0.655145109373053	3.0	1.0192399396895
0	9.53812	0.8	0	0.7335843243276474	3.0	1.0304747140485
0	9.480385	0.9	0	0.7335843243276474	3.0	1.0304747140485
0	4.480385	0.9	0	0.655145109373053	3.0	1.0192399396895
0	0.519615	0.9	0	0.721300764852492	3.0	1.030406226513
0	0.57735	1.0	0	0.721300764852492	3.0	1.030406226513
0	5.57735	1.0	0	0.655145109373053	3.0	1.0192399396895
0	9.42265	1.0	0	0.721300764852492	3.0	1.030406226513
0	9.364915	1.1	0	0.721300764852492	3.0	1.030406226513
0	4.364915	1.1	0	0.655145109373053	3.0	1.0192399396895
0	0.635085	1.1	0	0.7121854246291633	3.0	1.0309683865294998
0	0.69282	1.2	0	0.7121854246291633	3.0	1.0309683865294998
0	5.69282	1.2	0	0.655145109373053	3.0	1.0192399396895
0	9.30718	1.2	0	0.7121854246291633	3.0	1.0309683865294998
0	9.249445	1.3	0	0.7121854246291633	3.0	1.0309683865294998
0	4.249445	1.3	0	0.6434573187380139	3.0	1.0086263186064999
0	0.750555	1.3	0	0.7121854246291633	3.0	1.0309683865294998
0	0.80829	1.4	0	0.7121854246291633	3.0	1.0309683865294998
0	5.8082899999999995	1.4	0	0.6434573187380139	3.0	1.0086263186064999
0	9.19171	1.4	0	0.7025231090691932	3.0	1.0307137452085
0	9.133975	1.5	0	0.7025231090691932	3.0	1.0307137452085
0	4.1339749999999995	1.5	0	0.6434573187380139	3.0	1.0086263186064999
0	0.866025	1.5	0	0.7025231090691932	3.0	1.0307137452085
0	0.92376	1.6	0	0.7025231090691932	3.0	1.0307137452085
0	5.92376	1.6	0	0.6434573187380139	3.0	1.0086263186064999
0	9.07624	1.6	0	0.7025231090691932	3.0	1.0307137452085
0	9.018505	1.7	0	0.7025231090691932	3.0	1.0307137452085
0	4.018504999999999	1.7	0	0.6434573187380139	3.0	1.0086263186064999
0	0.981495	1.7	0	0.7025231090691932	3.0	1.0307137452085
0	1.03923	1.8	0	0.7025231090691932	3.0	1.0307137452085
0	6.03923	1.8	0	0.6434573187380139	3.0	1.0086263186064999
0	8.96077	1.8	0	0.6922565299720235	3.0	1.030685906972
0	8.903034	1.9	0	0.6922565299720235	3.0	1.030685906972
0	3.903034000000001	1.9	0	0.6434573187380139	3.0	1.0086263186064999
0	1.096966	1.9	0	0.6922565299720235	3.0	1.030685906972
0	1.154701	2.0	0	0.6922565299720235	3.0	1.030685906972
0	6.154701	2.0	0	0.6434573187380139	3.0	1.0086263186064999
0	8.845299	2.0	0	0.6922565299720235	3.0	1.030685906972
0	8.787564	2.1	0	0.6922565299720235	3.0	1.030685906972
0	3.7875639999999997	2.1	0	0.6434573187380139	3.0	1.0086263186064999
0	1.212436	2.1	0	0.6922565299720235	3.0	1.030685906972
0	1.270171	2.2	0	0.6922565299720235	3.0	1.030685906972
0	6.270171000000001	2.2	0	0.6434573187380139	3.0	1.0086263186064999
0	8.729829	2.2	0	0.6830787211735346	3.0	1.0307713419134998
0	8.672094	2.3	0	0.6830787211735346	3.0	1.0307713419134998
0	3.6720939999999986	2.3	0	0.6434573187380139	3.0	1.0086263186064999
0	1.327906	2.3	0	0.6830787211735346	3.0	1.0307713419134998
0	1.385641	2.4	0	0.6830787211735346	3.0	1.0307713419134998
0	6.385641	2.4	0	0.6333156495879472	3.0	1.006031393583
0	8.614359	2.4	0	0.6830787211735346	3.0	1.0307713419134998
0	8.556624	2.5	0	0.6830787211735346	3.0	1.0307713419134998
0	3.5566239999999993	2.5	0	0.6333156495879472	3.0	1.006031393583
0	1.443376	2.5	0	0.6830787211735346	3.0	1.0307713419134998
0	1.501111	2.6	0	0.6830787211735346	3.0	1.0307713419134998
0	6.501110999999999	2.6	0	0.6333156495879472	3.0	1.006031393583
0	8.498889	2.6	0	0.6830787211735346	3.0	1.0307713419134998
0	8.441154	2.7	0	0.6830787211735346	3.0	1.0307713419134998
0	3.441153999999999	2.7	0	0.6333156495879472	3.0	1.006031393583
0	1.558846	2.7	0	0.6732759467356368	3.0	1.0299512546925
0	1.616581	2.8	0	0.6732759467356368	3.0	1.0299512546925
0	6.616581	2.8	0	0.6333156495879472	3.0	1.006031393583
0	8.383419	2.8	0	0.6732759467356368	3.0	1.0299512546925
0	8.325684	2.9	0	0.6732759467356368	3.0	1.0299512546925
0	3.3256840000000008	2.9	0	0.6333156495879472	3.0	1.006031393583
0	1.674316	2.9	0	0.6732759467356368	3.0	1.0299512546925
0	1.732051	3.0	0	0.6732759467356368	3.0	1.0299512546925
0	6.732051000000001	3.0	0	0.6333156495879472	3.0	1.006031393583
0	8.267949	3.0	0	0.6732759467356368	3.0	1.0299512546925
0	8.210214	3.1	0	0.6732759467356368	3.0	1.0299512546925
0	3.2102140000000006	3.1	0	0.6333156495879472	3.0	1.006031393583
0	1.789786	3.1	0	0.6732759467356368	3.0	1.0299512546925
0	1.847521	3.2	0	0.6732759467356368	3.0	1.0299512546925
0	6.847521	3.2	0	0.6333156495879472	3.0	1.006031393583
0	8.152479	3.2	0	0.6617344472043506	3.0	1.0291759014865
0	8.094744	3.3	0	0.6617344472043506	3.0	1.0291759014865
0	3.0947440000000004	3.3	0	0.6333156495879472	3.0	1.006031393583
0	1.905256	3.3	0	0.6617344472043506	3.0	1.0291759014865
0	1.962991	3.4	0	0.6617344472043506	3.0	1.0291759014865
0	6.962991	3.4	0	0.6333156495879472	3.0	1.006031393583
0	8.037009	3.4	0	0.6617344472043506	3.0	1.0291759014865
0	7.979274	3.5	0	0.6617344472043506	3.0	1.0291759014865
0	2.979274	3.5	0	0.6333156495879472	3.0	1.006031393583
0	2.020726	3.5	0	0.6617344472043506	3.0	1.0291759014865
0	2.078461	3.6	0	0.6617344472043506	3.0	1.0291759014865
0	7.078461	3.6	0	0.6333156495879472	3.0	1.006031393583
0	7.921539	3.6	0	0.6617344472043506	3.0	1.0291759014865
0	7.863804	3.7	0	0.6617344472043506	3.0	1.0291759014865
0	2.863804	3.7	0	0.6333156495879472	3.0	1.006031393583
0	2.136196	3.7	0	0.6617344472043506	3.0	1.0291759014865
0	2.193931	3.8	0	0.6617344472043506	3.0	1.0291759014865
0	7.193931	3.8	0	0.6333156495879472	3.0	1.006031393583
0	7.806069	3.8	0	0.6617344472043506	3.0	1.0291759014865
0	7.748334	3.9	0	0.6617344472043506	3.0	1.0291759014865
0	2.748334	3.9	0	0.6333156495879472	3.0	1.006031393583
0	2.251666	3.9	0	0.6617344472043506	3.0	1.0291759014865
0	2.309401	4.0	0	0.6617344472043506	3.0	1.0291759014865
0	7.309400999999999	4.0	0	0.6333156495879472	3.0	1.006031393583
0	7.690599	4.0	0	0.6517590235498179	3.0	1.016664323072
0	7.632864	4.1	0	0.6517590235498179	3.0	1.016664323072
0	2.6328639999999996	4.1	0	0.6333156495879472	3.0	1.006031393583
0	2.367136	4.1	0	0.6517590235498179	3.0	1.016664323072
0	2.424871	4.2	0	0.6517590235498179	3.0	1.016664323072
0	7.4248709999999996	4.2	0	0.6333156495879472	3.0	1.006031393583
0	7.575129	4.2	0	0.6517590235498179	3.0	1.016664323072
0	7.517394	4.3	0	0.6517590235498179	3.0	1.016664323072
0	2.5173940000000004	4.3	0	0.6333156495879472	3.0	1.006031393583
0	2.482606	4.3	0	0.6517590235498179	3.0	1.016664323072
0	2.540341	4.4	0	0.6517590235498179	3.0	1.016664323072
0	7.459659	4.4	0	0.6300469475589159	3.0	1.0224306060289998
0	7.401924	4.5	0	0.6300469475589159	3.0	1.0224306060289998
0	2.598076	4.5	0	0.6300469475589159	3.0	1.0224306060289998
0	2.655811	4.6	0	0.6300469475589159	3.0	1.0224306060289998
0	7.344189	4.6	0	0.6300469475589159	3.0	1.0224306060289998
0	7.286454	4.7	0	0.6300469475589159	3.0	1.0224306060289998
0	2.713546	4.7	0	0.620592031915709	3.0	1.022049074845
0	2.771281	4.8	0	0.620592031915709	3.0	1.022049074845
0	7.228719	4.8	0	0.620592031915709	3.0	1.022049074845
0	7.170984	4.9	0	0.620592031915709	3.0	1.022049074845
0	2.829016	4.9	0	0.620592031915709	3.0	1.022049074845
0	2.886751	5.0	0	0.620592031915709	3.0	1.022049074845
0	7.113249	5.0	0	0.6110959205927499	3.0	1.0174208110654999
0	7.055514	5.1	0	0.6110959205927499	3.0	1.0174208110654999
0	2.944486	5.1	0	0.6110959205927499	3.0	1.0174208110654999
0	3.002221	5.2	0	0.6110959205927499	3.0	1.0174208110654999
0	6.997779	5.2	0	0.6019611632613977	3.0	1.0151909781225
0	6.940044	5.3	0	0.6019611632613977	3.0	1.0151909781225
0	3.059956	5.3	0	0.6019611632613977	3.0	1.0151909781225
0	3.117691	5.4	0	0.6019611632613977	3.0	1.0151909781225
0	6.882309	5.4	0	0.5931352198877312	3.0	1.012987224625
0	6.824574	5.5	0	0.5931352198877312	3.0	1.012987224625
0	3.175426	5.5	0	0.5931352198877312	3.0	1.012987224625
0	3.233162	5.6	0	0.5931352198877312	3.0	1.012987224625
0	6.766838	5.6	0	0.5840480406332894	3.0	1.0102669814885
0	6.709103	5.7	0	0.5840480406332894	3.0	1.0102669814885
0	3.290897	5.7	0	0.5840480406332894	3.0	1.0102669814885
0	3.348632	5.8	0	0.5840480406332894	3.0	1.0102669814885
0	6.651368	5.8	0	0.573761036104432	3.0	1.007460523062
0	6.593633	5.9	0	0.573761036104432	3.0	1.007460523062
0	3.406367	5.9	0	0.573761036104432	3.0	1.007460523062
0	3.464102	6.0	0	0.573761036104432	3.0	1.007460523062
0	6.535898	6.0	0	0.5631601004799348	3.0	1.003922416427
0	6.478163	6.1	0	0.5631601004799348	3.0	1.003922416427
0	3.521837	6.1	0	0.5631601004799348	3.0	1.003922416427
0	3.579572	6.2	0	0.5631601004799348	3.0	1.003922416427
0	6.420428	6.2	0	0.5516737005960844	3.0	0.9996483736805
0	6.362693	6.3	0	0.5516737005960844	3.0	0.9996483736805
0	3.637307	6.3	0	0.5516737005960844	3.0	0.9996483736805
0	3.695042	6.4	0	0.5516737005960844	3.0	0.9996483736805
0	6.304958	6.4	0	0.5393631872612727	3.0	0.994306271409
0	6.247223	6.5	0	0.5393631872612727	3.0	0.994306271409
0	3.752777	6.5	0	0.5393631872612727	3.0	0.994306271409
0	3.810512	6.6	0	0.5393631872612727	3.0	0.994306271409
0	6.189488	6.6	0	0.5263479712430019	3.0	0.9873297412195
0	6.131753	6.7	0	0.5263479712430019	3.0	0.9873297412195
0	3.868247	6.7	0	0.5263479712430019	3.0	0.9873297412195
0	3.925982	6.8	0	0.5263479712430019	3.0	0.9873297412195
0	6.074018	6.8	0	0.5110889711213857	3.0	0.9788455086364999
0	6.016283	6.9	0	0.5110889711213857	3.0	0.9788455086364999
0	3.983717	6.9	0	0.5031227341463946	3.0	0.9613976366075
0	4.041452	7.0	0	0.5031227341463946	3.0	0.9613976366075
0	5.958548	7.0	0	0.4890474959323213	3.0	0.9291392217825
0	5.900813	7.1	0	0.4890474959323213	3.0	0.9291392217825
0	4.099187	7.1	0	0.4768534381953501	3.0	0.903078315084
0	4.156922	7.2	0	0.4768534381953501	3.0	0.903078315084
0	5.843078	7.2	0	0.4582000323474824	3.0	0.8840447946595
0	5.785343	7.3	0	0.4582000323474824	3.0	0.8840447946595
0	4.214657	7.3	0	0.4582000323474824	3.0	0.8840447946595
0	4.272392	7.4	0	0.4582000323474824	3.0	0.8840447946595
0	5.727608	7.4	0	0.4295387354056214	3.0	0.8401460737155
0	5.669873	7.5	0	0.4295387354056214	3.0	0.8401460737155
0	4.330127	7.5	0	0.4295387354056214	3.0	0.8401460737155
0	4.387862	7.6	0	0.4295387354056214	3.0	0.8401460737155
0	5.612138	7.6	0	0.4134322234013631	3.0	0.781385616259
0	5.554403	7.7	0	0.4134322234013631	3.0	0.781385616259
0	4.445597	7.7	0	0.3979036885581455	3.0	0.7622957884025
0	4.503332	7.8	0	0.3979036885581455	3.0	0.7622957884025
0	5.496668	7.8	0	0.3968159462384336	3.0	0.7106802190545001
0	5.438933	7.9	0	0.3968159462384336	3.0	0.7106802190545001
0	4.561067	7.9	0	0.3625282708167526	3.0	0.6691627338285
0	4.618802	8.0	0	0.3625282708167526	3.0	0.6691627338285
0	5.381198	8.0	0	0.3471481870507769	3.0	0.4
0	5.323463	8.1	0	0.3471481870507769	3.0	0.4
0	4.676537	8.1	0	0.2328782023633726	3.0	0.4
0	4.734272	8.2	0	0.2328782023633726	3.0	0.4
0	5.265728	8.2	0	0.553922561124605	3.0	0.4
0	5.207993	8.3	0	0.553922561124605	3.0	0.4
0	4.792007	8.3	0	0.1726496888937564	3.0	0.4
0	4.849742	8.4	0	0.1726496888937564	3.0	0.4
0	5.150258	8.4	0	0.05	3.0	0.40092341175684126
0	5.092523	8.5	0	0.05	3.0	0.40092341175684126
0	4.907477	8.5	0	0.05	3.0	0.41670277265598255
0	4.965212	8.6	0	0.05	3.0	0.41670277265598255
0	5.034788	8.6	0	0.05	3.0	0.4578565977678519
