Mode	X(mm)	Y(mm)	Z(mm)	Pmod	Vel/Time
1	0.000000	0.000000	0	0	0
0	1.0	0.0	0	1.0	3.0	0.9999999999999999
0	2.0	0.0	0	1.0	3.0	0.9999999999999999
0	3.0	0.0	0	1.0	3.0	0.9999999999999999
0	4.0	0.0	0	1.0	3.0	0.9999999999999999
0	5.0	0.0	0	1.0	3.0	0.9999999999999999
0	6.0	0.0	0	1.0	3.0	0.9999999999999999
0	7.0	0.0	0	1.0	3.0	0.9999999999999999
0	8.0	0.0	0	1.0	3.0	0.9999999999999999
0	9.0	0.0	0	1.0	3.0	0.9999999999999999
0	10.0	0.0	0	1.0	3.0	0.9999999999999999
0	9.942265	0.1	0	1.0	3.0	0.9999999999999999
0	8.953812000000001	0.1	0	0.27147155668228945	1.4437341803488366	1.464038955876025
0	7.965359	0.1	0	0.41059793365039265	1.6095643237337933	1.1433228446616361
0	6.9769060000000005	0.1	0	0.5032592491763302	1.8591175496112395	1.1060340760974128
0	5.988453	0.1	0	0.578911326814389	2.067144035688266	1.0818285304751878
0	5.0	0.1	0	0.578911326814389	2.067144035688266	1.0818285304751878
0	4.011547	0.1	0	0.653249852011246	2.206397981901521	1.0574959833175102
0	3.0230940000000004	0.1	0	0.653249852011246	2.206397981901521	1.0574959833175102
0	2.034640999999999	0.1	0	0.653249852011246	2.206397981901521	1.0574959833175102
0	1.046187999999999	0.1	0	0.653249852011246	2.206397981901521	1.0574959833175102
0	0.057734999999999204	0.1	0	0.653249852011246	2.206397981901521	1.0574959833175102
0	0.11547	0.2	0	0.653249852011246	2.206397981901521	1.0574959833175102
0	1.092376	0.2	0	0.282169452938805	1.6081688269744114	1.2547455008618806
0	2.0692820000000003	0.2	0	0.45958060249475496	2.030283599863817	1.1144298417315512
0	3.046188	0.2	0	0.5406458376921089	2.198456143133165	1.083099751905072
0	4.023094	0.2	0	0.6037404184661329	2.333802396605771	1.060016880977033
0	5.0	0.2	0	0.6037404184661329	2.333802396605771	1.060016880977033
0	5.976906	0.2	0	0.6680222786180983	2.431245711169658	1.047332689002387
0	6.953811999999999	0.2	0	0.6680222786180983	2.431245711169658	1.047332689002387
0	7.930718000000001	0.2	0	0.6680222786180983	2.431245711169658	1.047332689002387
0	8.907624	0.2	0	0.7261601305498301	2.5018784609157305	1.0382751975927933
0	9.88453	0.2	0	0.7261601305498301	2.5018784609157305	1.0382751975927933
0	9.826795	0.3	0	0.7261601305498301	2.5018784609157305	1.0382751975927933
0	8.861436000000001	0.3	0	0.2646382025902988	1.8075890485896755	1.4178748474104976
0	7.896077	0.3	0	0.40791911265409553	1.931145920044104	1.1224197101990434
0	6.930718000000001	0.3	0	0.49745145508981314	2.117843262997183	1.0834209784101958
0	5.965358999999999	0.3	0	0.5639799781338428	2.2819433754493046	1.067834251214739
0	5.0	0.3	0	0.5639799781338428	2.2819433754493046	1.067834251214739
0	4.034641	0.3	0	0.6302621909214652	2.3885128521614893	1.0477667694613377
0	3.0692820000000003	0.3	0	0.6302621909214652	2.3885128521614893	1.0477667694613377
0	2.103922999999999	0.3	0	0.6302621909214652	2.3885128521614893	1.0477667694613377
0	1.1385639999999988	0.3	0	0.6904411395797955	2.474185446032764	1.0413448303065875
0	0.1732049999999994	0.3	0	0.6904411395797955	2.474185446032764	1.0413448303065875
0	0.23094	0.4	0	0.6904411395797955	2.474185446032764	1.0413448303065875
0	1.184752	0.4	0	0.25574120856969257	1.8288652771866398	1.3975229877031692
0	2.138564	0.4	0	0.4035799438910377	1.9754689250931161	1.1131320578925012
0	3.092376	0.4	0	0.4909842472973396	2.154861521742575	1.0764873549864238
0	4.046188	0.4	0	0.5550374974666178	2.3145074831953485	1.06484277264734
0	5.0	0.4	0	0.5550374974666178	2.3145074831953485	1.06484277264734
0	5.953812	0.4	0	0.6208708004680703	2.415066905905171	1.0459161219714064
0	6.907623999999999	0.4	0	0.6208708004680703	2.415066905905171	1.0459161219714064
0	7.861436	0.4	0	0.6208708004680703	2.415066905905171	1.0459161219714064
0	8.815248	0.4	0	0.6815499961554364	2.495405152898912	1.0420122867553012
0	9.76906	0.4	0	0.6815499961554364	2.495405152898912	1.0420122867553012
0	9.711325	0.5	0	0.6815499961554364	2.495405152898912	1.0420122867553012
0	8.66436388888889	0.5	0	0.27557333095356296	1.6382031697845982	1.206807899978576
0	7.617402777777778	0.5	0	0.37344118886372113	1.8585676670338094	1.0938502740133813
0	6.570441666666667	0.5	0	0.47770890672079624	2.0633485500219697	1.0716575878775043
0	5.5234805555555555	0.5	0	0.47770890672079624	2.0633485500219697	1.0716575878775043
0	4.4765194444444445	0.5	0	0.5621681432129896	2.225723176792568	1.0667229780683456
0	3.4295583333333335	0.5	0	0.5621681432129896	2.225723176792568	1.0667229780683456
0	2.3825972222222216	0.5	0	0.6221855898105307	2.3536636432687916	1.0459171707616657
0	1.3356361111111106	0.5	0	0.6221855898105307	2.3536636432687916	1.0459171707616657
0	0.28867499999999957	0.5	0	0.6932041114944607	2.444146377291849	1.0615952117242795
0	0.34641	0.6	0	0.6932041114944607	2.444146377291849	1.0615952117242795
0	1.380541111111111	0.6	0	0.25808368197664866	1.8482703410046974	1.367316217019191
0	2.414672222222222	0.6	0	0.4144320140708992	2.0187572423159597	1.096937707386699
0	3.4488033333333328	0.6	0	0.491702123121708	2.2100812048815524	1.0781308396281777
0	4.482934444444443	0.6	0	0.5561928550114125	2.3509143280736913	1.0583414149339918
0	5.517065555555555	0.6	0	0.5561928550114125	2.3509143280736913	1.0583414149339918
0	6.551196666666665	0.6	0	0.6186742892351621	2.453036686782813	1.045059514602067
0	7.585327777777777	0.6	0	0.6186742892351621	2.453036686782813	1.045059514602067
0	8.619458888888888	0.6	0	0.6186742892351621	2.453036686782813	1.045059514602067
0	9.65359	0.6	0	0.6976902987866229	2.508907902398693	1.060982045363142
0	9.595855	0.7	0	0.6976902987866229	2.508907902398693	1.060982045363142
0	8.57455388888889	0.7	0	0.25281792311596274	1.8428178526644596	1.3764070525775705
0	7.553252777777778	0.7	0	0.4090220839093211	2.004680236115189	1.0986935396048705
0	6.531951666666667	0.7	0	0.4853262570679954	2.1999613990169973	1.0765227861631623
0	5.510650555555555	0.7	0	0.546728926931486	2.348409009122796	1.0587804260924445
0	4.489349444444445	0.7	0	0.546728926931486	2.348409009122796	1.0587804260924445
0	3.468048333333334	0.7	0	0.6064964249091672	2.4553079139338303	1.0449048816875637
0	2.446747222222222	0.7	0	0.6064964249091672	2.4553079139338303	1.0449048816875637
0	1.4254461111111105	0.7	0	0.6064964249091672	2.4553079139338303	1.0449048816875637
0	0.40414499999999975	0.7	0	0.6898573555001776	2.50851921903486	1.0626302074950411
0	0.46188	0.8	0	0.6898573555001776	2.50851921903486	1.0626302074950411
0	1.470351111111111	0.8	0	0.24885965744242866	1.7384532459678224	1.3817322957416405
0	2.4788222222222216	0.8	0	0.39734491893031165	1.953249478005083	1.102256983748122
0	3.4872933333333327	0.8	0	0.4735431864536047	2.1640978720414004	1.0788248035515602
0	4.495764444444443	0.8	0	0.5361096925279163	2.3233093428279967	1.061987035022607
0	5.504235555555555	0.8	0	0.5361096925279163	2.3233093428279967	1.061987035022607
0	6.5127066666666655	0.8	0	0.5989649078482089	2.4280123160304465	1.043446369473969
0	7.521177777777776	0.8	0	0.5989649078482089	2.4280123160304465	1.043446369473969
0	8.529648888888888	0.8	0	0.5989649078482089	2.4280123160304465	1.043446369473969
0	9.53812	0.8	0	0.6816033851831489	2.4915309742389997	1.0642440804421205
0	9.480385	0.9	0	0.6816033851831489	2.4915309742389997	1.0642440804421205
0	8.48474388888889	0.9	0	0.24930611443324183	1.8250098081928237	1.3901269344747749
0	7.489102777777778	0.9	0	0.394836390918718	1.9716597054381073	1.1004104548050921
0	6.493461666666667	0.9	0	0.4709113964724664	2.1783276320308373	1.0767195549904143
0	5.497820555555556	0.9	0	0.533270032183457	2.3352613121661383	1.0617493306800836
0	4.502179444444444	0.9	0	0.533270032183457	2.3352613121661383	1.0617493306800836
0	3.5065383333333333	0.9	0	0.5955566323126226	2.4375244818378228	1.0423998402121266
0	2.510897222222222	0.9	0	0.5955566323126226	2.4375244818378228	1.0423998402121266
0	1.5152561111111114	0.9	0	0.5955566323126226	2.4375244818378228	1.0423998402121266
0	0.5196149999999999	0.9	0	0.678221415796601	2.4996408943448363	1.064519798193888
0	0.57735	1.0	0	0.678221415796601	2.4996408943448363	1.064519798193888
0	1.5601611111111113	1.0	0	0.244564893649781	1.822441327025409	1.3956894847146226
0	2.5429722222222226	1.0	0	0.3886170799741322	1.9645456508532915	1.1017483999638296
0	3.525783333333334	1.0	0	0.46509329137223554	2.173606750257638	1.0765945192009174
0	4.508594444444445	1.0	0	0.5283131099930267	2.332575761365743	1.0628877771985412
0	5.4914055555555565	1.0	0	0.5283131099930267	2.332575761365743	1.0628877771985412
0	6.474216666666668	1.0	0	0.5908112145493865	2.435785097275122	1.0427030953145886
0	7.457027777777779	1.0	0	0.5908112145493865	2.435785097275122	1.0427030953145886
0	8.43983888888889	1.0	0	0.5908112145493865	2.435785097275122	1.0427030953145886
0	9.42265	1.0	0	0.6747111529328388	2.4979761387572466	1.0650330853917758
0	9.364915	1.1	0	0.6747111529328388	2.4979761387572466	1.0650330853917758
0	8.39493388888889	1.1	0	0.24055179114560502	1.8109545949857957	1.4031378848925342
0	7.4249527777777775	1.1	0	0.38818882609403305	1.9475290792326259	1.0906711963732032
0	6.454971666666667	1.1	0	0.46295699071122753	2.1674473874868614	1.0760222209574495
0	5.484990555555555	1.1	0	0.525010594170789	2.3296918095339114	1.0628637893712403
0	4.515009444444444	1.1	0	0.525010594170789	2.3296918095339114	1.0628637893712403
0	3.5450283333333337	1.1	0	0.5871137030794159	2.4345772981567464	1.0426178379165882
0	2.5750472222222225	1.1	0	0.5871137030794159	2.4345772981567464	1.0426178379165882
0	1.6050661111111113	1.1	0	0.5871137030794159	2.4345772981567464	1.0426178379165882
0	0.6350850000000001	1.1	0	0.6712880716911487	2.4976944430324526	1.0655069503174406
0	0.69282	1.2	0	0.6712880716911487	2.4976944430324526	1.0655069503174406
0	1.6499711111111113	1.2	0	0.23618049102226307	1.7980514878696592	1.409282345469985
0	2.6071222222222223	1.2	0	0.38258602500529576	1.9372378366565135	1.0926291171034084
0	3.5642733333333334	1.2	0	0.4579915027203639	2.1600259773315624	1.0764974961108698
0	4.5214244444444445	1.2	0	0.5209185040551141	2.3245737646253795	1.063920859577768
0	5.478575555555556	1.2	0	0.5209185040551141	2.3245737646253795	1.063920859577768
0	6.4357266666666675	1.2	0	0.583299397135737	2.4309054736213733	1.0429776031053226
0	7.392877777777779	1.2	0	0.583299397135737	2.4309054736213733	1.0429776031053226
0	8.35002888888889	1.2	0	0.583299397135737	2.4309054736213733	1.0429776031053226
0	9.30718	1.2	0	0.6682682955905712	2.4949813984416154	1.0661842735286604
0	9.249445	1.3	0	0.6682682955905712	2.4949813984416154	1.0661842735286604
0	8.18708375	1.3	0	0.25682940330208376	1.6033244295223203	1.2372489358554946
0	7.1247225	1.3	0	0.41764280417762045	2.0397664506747146	1.0819741633926887
0	6.06236125	1.3	0	0.4868795065308968	2.231803238923586	1.0654774402975633
0	5.0	1.3	0	0.5449291510435059	2.3842415010763185	1.0599514700253354
0	3.9376387499999996	1.3	0	0.5449291510435059	2.3842415010763185	1.0599514700253354
0	2.8752775	1.3	0	0.6024863288758034	2.4823593783810542	1.0415199010166796
0	1.8129162500000007	1.3	0	0.6024863288758034	2.4823593783810542	1.0415199010166796
0	0.7505550000000003	1.3	0	0.678002131183808	2.538195771872096	1.0592869620425254
0	0.80829	1.4	0	0.678002131183808	2.538195771872096	1.0592869620425254
0	1.8562175	1.4	0	0.25384947404645675	1.6226048966702207	1.220407971423157
0	2.904145	1.4	0	0.4132729436412683	2.073173624900924	1.0865325416200613
0	3.9520725000000003	1.4	0	0.4843392503437311	2.253770882315144	1.0655210764598555
0	5.0	1.4	0	0.5461920562766088	2.3896661833665913	1.0527161007010002
0	6.0479275	1.4	0	0.5461920562766088	2.3896661833665913	1.0527161007010002
0	7.095855	1.4	0	0.6011559745498665	2.491311270273206	1.0408935196088762
0	8.1437825	1.4	0	0.6011559745498665	2.491311270273206	1.0408935196088762
0	9.19171	1.4	0	0.6727326233410239	2.5496652578253483	1.0586787432657614
0	9.133975	1.5	0	0.6727326233410239	2.5496652578253483	1.0586787432657614
0	8.10048125	1.5	0	0.2468624097237052	1.8260721040539107	1.3572045887437247
0	7.0669875	1.5	0	0.39713414678347314	2.0210993768711845	1.0865339470060544
0	6.03349375	1.5	0	0.4702657556807729	2.2195278146766553	1.0692851081020776
0	5.0	1.5	0	0.5343015589888718	2.3649715064176897	1.056444945967712
0	3.96650625	1.5	0	0.5343015589888718	2.3649715064176897	1.056444945967712
0	2.9330125000000002	1.5	0	0.5924364146412857	2.4711450919292317	1.0432775702473436
0	1.8995187500000004	1.5	0	0.5924364146412857	2.4711450919292317	1.0432775702473436
0	0.8660250000000005	1.5	0	0.6655223385809093	2.534539858621378	1.060802536942947
0	0.92376	1.6	0	0.6655223385809093	2.534539858621378	1.060802536942947
0	1.9428200000000002	1.6	0	0.24334987339428962	1.8148426111703988	1.3607883374822929
0	2.9618800000000003	1.6	0	0.3932995938861476	2.0129287849480315	1.0876800071470893
0	3.9809400000000004	1.6	0	0.46696611868128657	2.2137545001305097	1.0699772642316487
0	5.0	1.6	0	0.5316221392837138	2.360394854183322	1.0563268432531105
0	6.01906	1.6	0	0.5316221392837138	2.360394854183322	1.0563268432531105
0	7.03812	1.6	0	0.5900022361469357	2.46804027304953	1.043474103324767
0	8.05718	1.6	0	0.5900022361469357	2.46804027304953	1.043474103324767
0	9.07624	1.6	0	0.6652905947279006	2.5298822283643863	1.0603516468802643
0	9.018505	1.7	0	0.6652905947279006	2.5298822283643863	1.0603516468802643
0	8.01387875	1.7	0	0.24498799798601575	1.8831730349369682	1.364682976938699
0	7.0092525	1.7	0	0.39278164705518936	2.031170506531244	1.0848109481588553
0	6.004626249999999	1.7	0	0.46637905237448013	2.2279116693228462	1.0680862015569728
0	5.0	1.7	0	0.530670384440993	2.371584523666622	1.055212732632054
0	3.9953737500000006	1.7	0	0.530670384440993	2.371584523666622	1.055212732632054
0	2.9907475000000003	1.7	0	0.5893212356761658	2.476388333222542	1.0431040828034948
0	1.98612125	1.7	0	0.5893212356761658	2.476388333222542	1.0431040828034948
0	0.9814950000000007	1.7	0	0.6645775124801213	2.536238458241018	1.0600992090948176
0	1.03923	1.8	0	0.6645775124801213	2.536238458241018	1.0600992090948176
0	2.0294225	1.8	0	0.23548980847358927	1.682003469748308	1.468983192821391
0	3.019615	1.8	0	0.35520531348033263	1.7564043402313847	1.0946778736113518
0	4.0098075	1.8	0	0.43437432487030475	2.024949897049312	1.081975507493017
0	5.0	1.8	0	0.504428054531911	2.2142060657891958	1.0633384507786612
0	5.9901925	1.8	0	0.504428054531911	2.2142060657891958	1.0633384507786612
0	6.980385	1.8	0	0.5678558355558136	2.354115972188962	1.0490731539007236
0	7.9705775	1.8	0	0.5678558355558136	2.354115972188962	1.0490731539007236
0	8.96077	1.8	0	0.6453081154418921	2.447801604863077	1.0670287920320278
0	8.903034	1.9	0	0.6453081154418921	2.447801604863077	1.0670287920320278
0	7.9272755	1.9	0	0.2388761961845093	1.8581950852432276	1.3803464501873839
0	6.951517	1.9	0	0.38343608555891284	2.0004569605110043	1.0910724793095732
0	5.9757584999999995	1.9	0	0.45881291791711315	2.2045980089942065	1.0711496758839554
0	5.0	1.9	0	0.5246523738340498	2.353783847264027	1.0567578743695225
0	4.0242415000000005	1.9	0	0.5246523738340498	2.353783847264027	1.0567578743695225
0	3.048483	1.9	0	0.5847377809081993	2.462679979803664	1.044338823721272
0	2.0727244999999996	1.9	0	0.5847377809081993	2.462679979803664	1.044338823721272
0	1.096966	1.9	0	0.661205518076327	2.525640687417341	1.061458843753126
0	1.154701	2.0	0	0.661205518076327	2.525640687417341	1.061458843753126
0	2.11602575	2.0	0	0.23264907607530616	1.8444114283674429	1.3906007508002163
0	3.0773505	2.0	0	0.3756371432234213	1.9849175263130403	1.0941488162625053
0	4.03867525	2.0	0	0.45211751179657106	2.19346510827349	1.0723185693222124
0	5.0	2.0	0	0.5190384082114925	2.345533899336565	1.0568485462440618
0	5.96132475	2.0	0	0.5190384082114925	2.345533899336565	1.0568485462440618
0	6.9226495	2.0	0	0.5822213806286156	2.4483631535293706	1.0419979895952143
0	7.8839742500000005	2.0	0	0.5822213806286156	2.4483631535293706	1.0419979895952143
0	8.845299	2.0	0	0.6578824499986008	2.517312737223837	1.061827391298997
0	8.787564	2.1	0	0.6578824499986008	2.517312737223837	1.061827391298997
0	7.840673	2.1	0	0.22802535848879993	1.8226402719238908	1.398887240226822
0	6.893782	2.1	0	0.3745971744152248	1.964660852857813	1.0832139132491805
0	5.946891	2.1	0	0.44986259927004113	2.185053291253097	1.072570526561763
0	5.0	2.1	0	0.5165302577370154	2.339918284596122	1.056952788760744
0	4.053109	2.1	0	0.5165302577370154	2.339918284596122	1.056952788760744
0	3.106218	2.1	0	0.5801218906574492	2.4443639180300702	1.0424026127323576
0	2.159327	2.1	0	0.5801218906574492	2.4443639180300702	1.0424026127323576
0	1.2124360000000003	2.1	0	0.655748546976723	2.5147668788744526	1.0621549985659493
0	1.270171	2.2	0	0.655748546976723	2.5147668788744526	1.0621549985659493
0	2.3358364285714286	2.2	0	0.25518554682536176	1.6178803673189242	1.2197505480964714
0	3.4015018571428572	2.2	0	0.4088918857626066	2.0675791470491025	1.0809633070800977
0	4.467167285714286	2.2	0	0.48224351774889535	2.251148614133128	1.0646118996057699
0	5.532832714285714	2.2	0	0.5417822919808954	2.3890045138700127	1.0489466308882802
0	6.598498142857144	2.2	0	0.5417822919808954	2.3890045138700127	1.0489466308882802
0	7.664163571428572	2.2	0	0.6035826565006576	2.486948514422699	1.0445167943269453
0	8.729829	2.2	0	0.6639997096258579	2.5607414112429994	1.0574142739174102
0	8.672094	2.3	0	0.6639997096258579	2.5607414112429994	1.0574142739174102
0	7.622924285714285	2.3	0	0.24955896553799073	1.948654097523061	1.3717269721612393
0	6.573754571428571	2.3	0	0.39128790993187246	2.0406468582405273	1.082927614401062
0	5.524584857142857	2.3	0	0.4691896397054548	2.2305996309109206	1.0627607571879512
0	4.475415142857143	2.3	0	0.5311889511262022	2.3765308456574457	1.0530638620160435
0	3.4262454285714288	2.3	0	0.5311889511262022	2.3765308456574457	1.0530638620160435
0	2.3770757142857146	2.3	0	0.5953752925623251	2.476215570187136	1.0461307125935815
0	1.3279060000000005	2.3	0	0.5953752925623251	2.476215570187136	1.0461307125935815
0	1.385641	2.4	0	0.5953752925623251	2.476215570187136	1.0461307125935815
0	2.4183149999999998	2.4	0	0.2776854830521285	2.0407965119749725	1.247192329731089
0	3.450989	2.4	0	0.4251203109255641	2.2840887942601675	1.066189977440027
0	4.483663	2.4	0	0.49777549791875353	2.4141130024562503	1.050926824785261
0	5.516337	2.4	0	0.5520030209571615	2.5195001170758364	1.044924441163518
0	6.549011	2.4	0	0.5520030209571615	2.5195001170758364	1.044924441163518
0	7.581685	2.4	0	0.615061276347687	2.5796100865695624	1.039893115475001
0	8.614359	2.4	0	0.6730124589200516	2.6297730864887687	1.0522665330473997
0	8.556624	2.5	0	0.6730124589200516	2.6297730864887687	1.0522665330473997
0	7.540445714285713	2.5	0	0.23622949881807473	1.7290274385653295	1.4206602598215117
0	6.524267428571428	2.5	0	0.3654321531094521	1.8778113268360306	1.0935660696727274
0	5.508089142857143	2.5	0	0.4474183584721345	2.1015960540518783	1.0654641455760168
0	4.491910857142857	2.5	0	0.5104661862056694	2.2861844141462115	1.059510736921424
0	3.475732571428571	2.5	0	0.5104661862056694	2.2861844141462115	1.059510736921424
0	2.459554285714286	2.5	0	0.580137477573311	2.401570629746781	1.0492508340215205
0	1.4433759999999998	2.5	0	0.6433142830884548	2.494164531159928	1.0594182199375055
0	1.501111	2.6	0	0.6433142830884548	2.494164531159928	1.0594182199375055
0	2.5007935714285714	2.6	0	0.2322510219097065	1.711541199383362	1.456533014708316
0	3.500476142857143	2.6	0	0.35201566023525616	1.8084056198000624	1.1084022929125716
0	4.500158714285714	2.6	0	0.4363342578179258	2.048671640232692	1.0735858132660536
0	5.499841285714286	2.6	0	0.5051908247133781	2.2345141250395057	1.0591221759230587
0	6.499523857142857	2.6	0	0.5051908247133781	2.2345141250395057	1.0591221759230587
0	7.499206428571428	2.6	0	0.5749414885638583	2.3658413491723467	1.0526923614920909
0	8.498889	2.6	0	0.6399951781023581	2.4660168782349534	1.06161327199451
0	8.441154	2.7	0	0.6399951781023581	2.4660168782349534	1.06161327199451
0	7.457967142857142	2.7	0	0.23140359826860105	1.6699524095967666	1.4552173218013866
0	6.474780285714285	2.7	0	0.3507067926567946	1.7972337419220068	1.1103350495023496
0	5.491593428571428	2.7	0	0.4343364268706542	2.0407757870659413	1.0749841069279873
0	4.508406571428571	2.7	0	0.5033364045554257	2.2288758273147935	1.0603751911961308
0	3.525219714285714	2.7	0	0.5033364045554257	2.2288758273147935	1.0603751911961308
0	2.542032857142857	2.7	0	0.5737692109026935	2.361036518882569	1.0531887507994246
0	1.558846	2.7	0	0.6384855647214557	2.462879316116866	1.0616519740558803
0	1.616581	2.8	0	0.6384855647214557	2.462879316116866	1.0616519740558803
0	2.583272142857143	2.8	0	0.22987523655407047	1.6304038054995496	1.4536000910480154
0	3.5499632857142855	2.8	0	0.34901009029299035	1.7877727907678023	1.1115552990427637
0	4.516654428571428	2.8	0	0.43232925977260145	2.0341701871989235	1.075816216260493
0	5.483345571428571	2.8	0	0.5010752100752006	2.2244453191795563	1.0608420330865551
0	6.450036714285714	2.8	0	0.5010752100752006	2.2244453191795563	1.0608420330865551
0	7.416727857142857	2.8	0	0.5716205569556408	2.3581071490723273	1.0536925876987049
0	8.383419	2.8	0	0.6366243660388343	2.4609332489572835	1.0625923916231432
0	8.325684	2.9	0	0.6366243660388343	2.4609332489572835	1.0625923916231432
0	7.375488571428572	2.9	0	0.22750569396374387	1.8506025756872835	1.3800765336289909
0	6.425293142857144	2.9	0	0.37325103872948023	2.0093647996380417	1.0930042746152837
0	5.475097714285715	2.9	0	0.45699237149424826	2.190305438176963	1.0553492642341695
0	4.524902285714287	2.9	0	0.45699237149424826	2.190305438176963	1.0553492642341695
0	3.574706857142857	2.9	0	0.5391148947922481	2.326511043984492	1.0493317011653591
0	2.624511428571429	2.9	0	0.5391148947922481	2.326511043984492	1.0493317011653591
0	1.6743160000000001	2.9	0	0.6245405003191526	2.42089741172231	1.068070877068121
0	1.732051	3.0	0	0.6245405003191526	2.42089741172231	1.068070877068121
0	2.665750714285714	3.0	0	0.22024277076833704	1.5846930066455154	1.520110837874233
0	3.599450428571428	3.0	0	0.3064181872703513	1.4192250902356442	1.1225083542631293
0	4.533150142857142	3.0	0	0.3886936464637867	1.770178847875398	1.1017816854377527
0	5.466849857142857	3.0	0	0.46566051455046886	2.0161588420715963	1.0738037421201276
0	6.400549571428572	3.0	0	0.46566051455046886	2.0161588420715963	1.0738037421201276
0	7.334249285714285	3.0	0	0.5415582350088008	2.198134451534541	1.0632099709175056
0	8.267949	3.0	0	0.6125342780432578	2.335396937512997	1.0682279698490127
0	8.210214	3.1	0	0.6125342780432578	2.335396937512997	1.0682279698490127
0	7.140142666666668	3.1	0	0.255414981587976	1.6189120350789508	1.2089842555271542
0	6.070071333333334	3.1	0	0.4165287638611175	2.1174465339802353	1.0857215994084872
0	5.0	3.1	0	0.49095573855526276	2.27860054180109	1.055874949111115
0	3.929928666666667	3.1	0	0.5482117706312125	2.418617090625504	1.050800629274413
0	2.8598573333333333	3.1	0	0.5482117706312125	2.418617090625504	1.050800629274413
0	1.7897860000000003	3.1	0	0.6356212111740024	2.4895390070324472	1.0688510864739584
0	1.847521	3.2	0	0.6356212111740024	2.4895390070324472	1.0688510864739584
0	2.898347333333333	3.2	0	0.2595906370826763	1.8278726413816724	1.2374478251549883
0	3.9491736666666664	3.2	0	0.420404985890456	2.1902002355216923	1.0657671569718614
0	5.0	3.2	0	0.48818304088643555	2.351670746248548	1.0551002547503854
0	6.050826333333333	3.2	0	0.5470488815975019	2.4703433030483786	1.0475852424514418
0	7.101652666666666	3.2	0	0.5470488815975019	2.4703433030483786	1.0475852424514418
0	8.152479	3.2	0	0.6298160304208731	2.5325338247308364	1.0646833771436912
0	8.094744	3.3	0	0.6298160304208731	2.5325338247308364	1.0646833771436912
0	7.063162666666667	3.3	0	0.23700143506920654	1.7648264040647197	1.3628907994421822
0	6.0315813333333335	3.3	0	0.3850852271073492	1.9820749847934258	1.0836216711402866
0	5.0	3.3	0	0.4586694253496322	2.1916434820145385	1.06321654609743
0	3.9684186666666665	3.3	0	0.5230207998849936	2.3469996608892254	1.0520627489699403
0	2.936837333333333	3.3	0	0.5230207998849936	2.3469996608892254	1.0520627489699403
0	1.9052559999999996	3.3	0	0.6122920260908006	2.4348800270040516	1.0669056357880349
0	1.962991	3.4	0	0.6122920260908006	2.4348800270040516	1.0669056357880349
0	2.9753273333333334	3.4	0	0.2364268823512819	1.7528450873055021	1.4264458057802754
0	3.9876636666666663	3.4	0	0.36625817559012164	1.8625335810716752	1.0885220453335602
0	5.0	3.4	0	0.44475597041011183	2.0947377712405437	1.064833500583562
0	6.012336333333333	3.4	0	0.5112287445937935	2.278247093883285	1.0582297091017276
0	7.024672666666667	3.4	0	0.5112287445937935	2.278247093883285	1.0582297091017276
0	8.037009	3.4	0	0.6025979982751759	2.383546176575125	1.0703275599200244
0	7.979274	3.5	0	0.6025979982751759	2.383546176575125	1.0703275599200244
0	6.986182666666667	3.5	0	0.2334470490423137	1.7411554722127633	1.4606407508423045
0	5.993091333333334	3.5	0	0.3572277342638433	1.784227829978219	1.0821223379851923
0	5.0	3.5	0	0.43635243068279855	2.045615633718594	1.070473198025458
0	4.006908666666667	3.5	0	0.5052744969864175	2.2325342050280566	1.0567496345701413
0	3.013817333333333	3.5	0	0.5052744969864175	2.2325342050280566	1.0567496345701413
0	2.020726	3.5	0	0.5965772043045534	2.3526364319210473	1.073187728231221
0	2.078461	3.6	0	0.5965772043045534	2.3526364319210473	1.073187728231221
0	3.0523073333333333	3.6	0	0.23196796443975395	1.691730465415964	1.457131046389535
0	4.026153666666667	3.6	0	0.35478772993615326	1.7704604774204706	1.0833703230242653
0	5.0	3.6	0	0.4334356216210459	2.036556728532105	1.0720702888265035
0	5.973846333333333	3.6	0	0.5031491446583253	2.225384883681088	1.0576320201717526
0	6.947692666666667	3.6	0	0.5031491446583253	2.225384883681088	1.0576320201717526
0	7.921539	3.6	0	0.59558281413004	2.3465273996947067	1.0734888109722793
0	7.863804	3.7	0	0.59558281413004	2.3465273996947067	1.0734888109722793
0	6.909202666666666	3.7	0	0.2335622179676863	1.8699827944037248	1.3671143747090657
0	5.954601333333334	3.7	0	0.3822454660172186	2.017805159634666	1.0798005895300116
0	5.0	3.7	0	0.4564801770150955	2.2185558051304155	1.0601709346157788
0	4.045398666666667	3.7	0	0.5212270873595951	2.3672012232551074	1.0499442322342107
0	3.0907973333333327	3.7	0	0.5212270873595951	2.3672012232551074	1.0499442322342107
0	2.136196	3.7	0	0.6139208701009662	2.446450916328629	1.0638393807210171
0	2.193931	3.8	0	0.6139208701009662	2.446450916328629	1.0638393807210171
0	3.129287333333333	3.8	0	0.2186055487295404	1.6225100139329416	1.5165865289481564
0	4.064643666666667	3.8	0	0.30536134166145307	1.4304116304655312	1.114739296273199
0	5.0	3.8	0	0.3874398457709223	1.7796182268623268	1.0942990337935665
0	5.935356333333333	3.8	0	0.4641691602234874	2.0264861011127495	1.0705973079990245
0	6.870712666666667	3.8	0	0.4641691602234874	2.0264861011127495	1.0705973079990245
0	7.806069	3.8	0	0.5624573279476448	2.1959786196055946	1.082041029933584
0	7.748334	3.9	0	0.5624573279476448	2.1959786196055946	1.082041029933584
0	6.6490004	3.9	0	0.25892569082166644	1.938122501142517	1.3988966485948646
0	5.5496668	3.9	0	0.39091624189480534	1.9646773814685183	1.0821612470707034
0	4.4503332	3.9	0	0.46829402594649866	2.1756792653834447	1.0642607853621069
0	3.3509995999999997	3.9	0	0.5360778126896252	2.33104826535322	1.0551992353779154
0	2.251666	3.9	0	0.6139904590873297	2.435708805377087	1.0695213486905042
0	2.309401	4.0	0	0.6139904590873297	2.435708805377087	1.0695213486905042
0	3.3856405999999994	4.0	0	0.24120613599145788	1.93687924756827	1.3704097883872264
0	4.4618801999999995	4.0	0	0.38754116605680605	2.0321633797976792	1.0776219769221649
0	5.5381198	4.0	0	0.46678285831141103	2.224322575192636	1.0573690869077284
0	6.6143594	4.0	0	0.5373821739193991	2.3668713206035443	1.0531961535117398
0	7.690598999999999	4.0	0	0.6121286187760206	2.463800163664254	1.0634195314939743
0	7.632864	4.1	0	0.6121286187760206	2.463800163664254	1.0634195314939743
0	6.5797184	4.1	0	0.23904119718361566	1.7646207551775677	1.3292822762293095
0	5.5265728	4.1	0	0.3887559672845158	2.014611175763084	1.0731271195493075
0	4.4734272	4.1	0	0.46619973273784165	2.2139524834302167	1.0566406476071168
0	3.4202816	4.1	0	0.5340019830564432	2.3613151840383857	1.051280864435604
0	2.3671360000000004	4.1	0	0.6100424686550727	2.459958825138526	1.0641641134726956
0	2.424871	4.2	0	0.6100424686550727	2.459958825138526	1.0641641134726956
0	3.4549225999999997	4.2	0	0.23423135821849547	1.80238982847535	1.409219325153508
0	4.4849742	4.2	0	0.3685456835613522	1.9101548815578029	1.0778411157822076
0	5.515025799999999	4.2	0	0.4512226327639914	2.1279132325545915	1.0560217907502831
0	6.5450774	4.2	0	0.5208650615815197	2.3015143409174197	1.0562442705503725
0	7.575128999999999	4.2	0	0.5992725094031334	2.409294788140223	1.062694366270263
0	7.517394	4.3	0	0.5992725094031334	2.409294788140223	1.062694366270263
0	6.5104364	4.3	0	0.22749150933511966	1.7601842277827124	1.453711813116903
0	5.5034788	4.3	0	0.3533854753312164	1.8063226535367225	1.0748295130002181
0	4.4965212	4.3	0	0.43762334458106106	2.0607473111658052	1.0647917127955233
0	3.4895635999999994	4.3	0	0.5118731431641024	2.241235401280152	1.0559475247420749
0	2.4826059999999996	4.3	0	0.5917431050711764	2.3666583285302196	1.0664284071452308
0	2.540341	4.4	0	0.5917431050711764	2.3666583285302196	1.0664284071452308
0	3.5242046000000005	4.4	0	0.2252951868297049	1.693693036396176	1.4502994814141756
0	4.5080682	4.4	0	0.3508340796342732	1.7877931576918769	1.0776505545874706
0	5.491931800000001	4.4	0	0.4349621995317064	2.0469796087963275	1.0662917995086374
0	6.475795400000001	4.4	0	0.5095697086063042	2.231341547767593	1.057523864343581
0	7.459659	4.4	0	0.5897654205962272	2.358875147446444	1.0665453762838675
0	7.401924	4.5	0	0.5897654205962272	2.358875147446444	1.0665453762838675
0	6.4411544	4.5	0	0.22420559001057286	1.6343612025490777	1.442341140266717
0	5.4803847999999995	4.5	0	0.3462148371186719	1.7966511861371028	1.096298879619647
0	4.5196152000000005	4.5	0	0.43067305263054967	2.0445953225781324	1.0665937039985731
0	3.5588455999999997	4.5	0	0.5063062075675405	2.2295032628660447	1.05740890452203
0	2.598076	4.5	0	0.5871475552592226	2.357963814764578	1.067266028801247
0	2.655811	4.6	0	0.5871475552592226	2.357963814764578	1.067266028801247
0	3.5934866	4.6	0	0.21484974159509543	1.6459598795625519	1.4999174444845482
0	4.5311622	4.6	0	0.30799409037372305	1.478163736509293	1.1026029623836064
0	5.468837799999999	4.6	0	0.3947928139122885	1.8150957298391688	1.086020754333882
0	6.4065134	4.6	0	0.4755383674477478	2.051206406493528	1.0680456396871483
0	7.344189	4.6	0	0.5606174413053565	2.2216299709818776	1.0744358499628675
0	7.286454	4.7	0	0.5606174413053565	2.2216299709818776	1.0744358499628675
0	6.3718724	4.7	0	0.2133681390044705	1.5424923854039605	1.5047280686699196
0	5.4572908	4.7	0	0.30478788542654667	1.43547638041872	1.1109314498960123
0	4.5427092	4.7	0	0.3901446230764977	1.7818244690453546	1.0906478405119708
0	3.6281276	4.7	0	0.4703108538154753	2.0285132039535063	1.073718575554882
0	2.713546	4.7	0	0.5590336019178478	2.201314003783879	1.077652660602045
0	2.771281	4.8	0	0.5590336019178478	2.201314003783879	1.077652660602045
0	3.8856405	4.8	0	0.2529236222239141	2.007460351342949	1.3716923696824366
0	5.0	4.8	0	0.4009232398072912	2.0441410695748643	1.0743944841362605
0	6.1143595	4.8	0	0.47980465098980396	2.2298688208681487	1.0542893882149111
0	7.228719	4.8	0	0.5734249448037599	2.355604390572454	1.0703712456179506
0	7.170984	4.9	0	0.5734249448037599	2.355604390572454	1.0703712456179506
0	6.085492	4.9	0	0.24157400072144858	2.012483794174668	1.3397948777316884
0	5.0	4.9	0	0.40161857013444047	2.1029340511717702	1.0618670423499883
0	3.914508	4.9	0	0.48192618159157025	2.2761343888353376	1.0499597996559182
0	2.829016	4.9	0	0.5729367521701391	2.3899957293929197	1.0611470208879197
0	2.886751	5.0	0	0.5729367521701391	2.3899957293929197	1.0611470208879197
0	3.9433754999999997	5.0	0	0.23273691722329015	1.9781386688265785	1.3955662812849035
0	5.0	5.0	0	0.38156910535730415	2.003602509315568	1.0598597664920881
0	6.0566245	5.0	0	0.46864101386518286	2.194955826845322	1.0459859770568471
0	7.113249	5.0	0	0.5630845650232047	2.325285948607395	1.0586407897527852
0	7.055514	5.1	0	0.5630845650232047	2.325285948607395	1.0586407897527852
0	6.027756999999999	5.1	0	0.23007154627873083	1.7456640987163918	1.3022044463186355
0	5.0	5.1	0	0.3912251976288561	2.0359080538078715	1.0625250840216318
0	3.972243	5.1	0	0.47412484070437394	2.2283687901274343	1.0529631344693917
0	2.9444860000000004	5.1	0	0.5697468557962329	2.342275509383106	1.0538826818518832
0	3.002221	5.2	0	0.5697468557962329	2.342275509383106	1.0538826818518832
0	4.0011105	5.2	0	0.22297336082798813	1.6753673668480706	1.3182964074927028
0	5.0	5.2	0	0.38700219420617765	1.9880085366934888	1.0555617227243437
0	5.998889500000001	5.2	0	0.46777289010019585	2.1989337859745754	1.0534962090925284
0	6.997779	5.2	0	0.5600885937093723	2.3261096560146397	1.0566212388805565
0	6.940044	5.3	0	0.5600885937093723	2.3261096560146397	1.0566212388805565
0	5.970022	5.3	0	0.2139320467699027	1.7267296593020935	1.3456873347858143
0	5.0	5.3	0	0.3651204447319899	1.8656707108762491	1.0799896378095424
0	4.029978	5.3	0	0.4486484586024247	2.0943597056850325	1.0568524096324545
0	3.059956	5.3	0	0.542617651529671	2.25403352469964	1.0641823470883063
0	3.117691	5.4	0	0.542617651529671	2.25403352469964	1.0641823470883063
0	4.0588455	5.4	0	0.20972973509349935	1.6745173396860698	1.3485405059254147
0	5.0	5.4	0	0.35950730442158474	1.8431205645649475	1.083907803053917
0	5.9411545	5.4	0	0.4441532167754792	2.0777239924679667	1.0594729127984899
0	6.882309	5.4	0	0.5399463562323598	2.240325915878067	1.0646758656546724
0	6.824574	5.5	0	0.5399463562323598	2.240325915878067	1.0646758656546724
0	5.912287	5.5	0	0.21967809322376822	1.5861897656297834	1.4353460411390029
0	5.0	5.5	0	0.34154997591482894	1.7870380719161836	1.0929695259737162
0	4.087713	5.5	0	0.4336561695704707	2.0160967254078423	1.0528797159371854
0	3.175426	5.5	0	0.530640088525483	2.2013039156760796	1.0695899454811473
0	3.233162	5.6	0	0.530640088525483	2.2013039156760796	1.0695899454811473
0	4.116581	5.6	0	0.2144106862087175	1.5250217325333584	1.4445784080820991
0	5.0	5.6	0	0.33424824758503635	1.7575585723976364	1.101867287798842
0	5.883419	5.6	0	0.42698793005347596	1.991901701613344	1.054927620115013
0	6.766838	5.6	0	0.5231918855437306	2.186190606941074	1.0722209549519783
0	6.709103	5.7	0	0.5231918855437306	2.186190606941074	1.0722209549519783
0	5.569701	5.7	0	0.280021316053704	1.8280129814933204	1.1739162263722545
0	4.430299	5.7	0	0.4450236477338002	2.209026498323615	1.0481922988989758
0	3.290897	5.7	0	0.5455091489516071	2.335165262100742	1.0540587438022666
0	3.348632	5.8	0	0.5455091489516071	2.335165262100742	1.0540587438022666
0	4.4495439999999995	5.8	0	0.24306337115691326	1.9452065817084307	1.2648061597999538
0	5.550456	5.8	0	0.4220380925175148	2.1548309788364	1.0414603331395422
0	6.651368	5.8	0	0.5183427676999157	2.3081407797437157	1.0535177269382143
0	6.593633	5.9	0	0.5183427676999157	2.3081407797437157	1.0535177269382143
0	5.531211	5.9	0	0.23569660724325933	1.872839108900355	1.2736227729365468
0	4.468789	5.9	0	0.41397488482978323	2.11640551662367	1.0468547119641158
0	3.406367	5.9	0	0.5212485146054712	2.259117090030372	1.0428462357768484
0	3.464102	6.0	0	0.5212485146054712	2.259117090030372	1.0428462357768484
0	4.488034	6.0	0	0.22695877760045463	1.8136129005888157	1.27290427504823
0	5.511966	6.0	0	0.40693730329358446	2.096713436128444	1.0485908503703536
0	6.535898	6.0	0	0.5146654196780476	2.244966651900842	1.041446802087378
0	6.478163	6.1	0	0.5146654196780476	2.244966651900842	1.041446802087378
0	5.492721	6.1	0	0.22213089022965357	1.80161598899876	1.3086322803628916
0	4.5072790000000005	6.1	0	0.40318692429351366	2.0566053936167417	1.0436973658334936
0	3.521837	6.1	0	0.5102439831869101	2.2197579286614038	1.0428986635359565
0	3.579572	6.2	0	0.5102439831869101	2.2197579286614038	1.0428986635359565
0	4.526524	6.2	0	0.20979637846774052	1.7307693877730752	1.3262331262463207
0	5.473476	6.2	0	0.3744745035690049	1.8931280269104285	1.073769071106984
0	6.420428	6.2	0	0.48339081615963475	2.079771386772967	1.0428594468899228
0	6.362693	6.3	0	0.48339081615963475	2.079771386772967	1.0428594468899228
0	5.454231	6.3	0	0.2167873397899876	1.5807593319226596	1.4223865336048696
0	4.545769	6.3	0	0.3359051665267801	1.634465147840987	1.090704114063532
0	3.637307	6.3	0	0.44838465099994995	1.8792525125920791	1.054844896673959
0	3.695042	6.4	0	0.44838465099994995	1.8792525125920791	1.054844896673959
0	4.565014	6.4	0	0.21245719616847666	1.4954110980610542	1.440952432551975
0	5.434986	6.4	0	0.3248761568495236	1.5690921848332522	1.1058367289884745
0	6.304958	6.4	0	0.4345490998182664	1.8321116112736346	1.065525786670937
0	6.247223	6.5	0	0.4345490998182664	1.8321116112736346	1.065525786670937
0	5.0	6.5	0	0.28311701988953014	1.6073670027861118	1.128281851188089
0	3.752777	6.5	0	0.4086445695592331	1.8214429532683531	1.0394481705131664
0	3.810512	6.6	0	0.4086445695592331	1.8214429532683531	1.0394481705131664
0	5.0	6.6	0	0.27388942579422476	1.6222886506036778	1.1178738158026487
0	6.189488	6.6	0	0.46388460921099955	2.1353194295808238	1.061738736443948
0	6.131753	6.7	0	0.46388460921099955	2.1353194295808238	1.061738736443948
0	5.0	6.7	0	0.2552678593428302	1.9822642243788269	1.2183535642371164
0	3.868247	6.7	0	0.46151114441887786	2.2071598837555784	1.0519961938902282
0	3.925982	6.8	0	0.46151114441887786	2.2071598837555784	1.0519961938902282
0	5.0	6.8	0	0.244415805281108	1.9369237680663984	1.2035556361112032
0	6.074018	6.8	0	0.461371883250063	2.112440871724697	1.0405026697538888
0	6.016283	6.9	0	0.461371883250063	2.112440871724697	1.0405026697538888
0	5.0	6.9	0	0.21856802869853997	2.036312477880003	1.2663688919531848
0	3.983717	6.9	0	0.44271593843665275	2.0957976260495856	1.0386268847012972
0	4.041452	7.0	0	0.44271593843665275	2.0957976260495856	1.0386268847012972
0	5.0	7.0	0	0.2234260714239938	2.0668723281360917	1.243115326893372
0	5.958548	7.0	0	0.45957125340605814	2.1290501431297595	1.0180444091975043
0	5.900813	7.1	0	0.45957125340605814	2.1290501431297595	1.0180444091975043
0	5.0	7.1	0	0.22238905355307437	1.599959880271829	1.332209351325818
0	4.099187	7.1	0	0.39897714541879853	1.7564412897220492	1.0489410467455087
0	4.156922	7.2	0	0.39897714541879853	1.7564412897220492	1.0489410467455087
0	5.0	7.2	0	0.2064733328010044	1.5879286452903394	1.3161050616275132
0	5.843078	7.2	0	0.4027769122370034	1.8288573295711372	1.0633460140874227
0	5.785343	7.3	0	0.4027769122370034	1.8288573295711372	1.0633460140874227
0	5.0	7.3	0	0.2002679441370309	1.6456883289281063	1.4027612264130187
0	4.214657	7.3	0	0.32785253742785075	1.3607122757680847	1.0502664032839941
0	4.272392	7.4	0	0.32785253742785075	1.3607122757680847	1.0502664032839941
0	5.727608	7.4	0	0.33388152917356284	1.546906699113635	1.0574129734875213
0	5.669873	7.5	0	0.33388152917356284	1.546906699113635	1.0574129734875213
0	4.330127	7.5	0	0.2804186923896044	1.630479689799396	1.1093136128648542
0	4.387862	7.6	0	0.2804186923896044	1.630479689799396	1.1093136128648542
0	5.612138	7.6	0	0.29872350243120677	1.596710566678409	1.0723734654357913
0	5.554403	7.7	0	0.29872350243120677	1.596710566678409	1.0723734654357913
0	4.445597	7.7	0	0.2756300066958138	1.6060932236260923	1.0702300161853937
0	4.503332	7.8	0	0.2756300066958138	1.6060932236260923	1.0702300161853937
0	5.496668	7.8	0	0.2720910386759332	1.588781173417358	1.0484047895761381
0	5.438933	7.9	0	0.2720910386759332	1.588781173417358	1.0484047895761381
0	4.561067	7.9	0	0.2572186025189048	1.5426481530251224	1.004613053094056
0	4.618802	8.0	0	0.2572186025189048	1.5426481530251224	1.004613053094056
0	5.381198	8.0	0	0.22917028515275098	1.550337770976836	0.9193478640616547
0	5.323463	8.1	0	0.22917028515275098	1.550337770976836	0.9193478640616547
0	4.676537	8.1	0	0.2216514631090094	1.3592812974578043	0.9356462508985223
0	4.734272	8.2	0	0.2216514631090094	1.3592812974578043	0.9356462508985223
0	5.265728	8.2	0	0.1861163321135899	1.2596016730679478	0.8976811456122245
0	5.207993	8.3	0	0.1861163321135899	1.2596016730679478	0.8976811456122245
0	4.792007	8.3	0	0.1732288234921494	1.2250604983742408	0.8683169774198729
0	4.849742	8.4	0	0.1732288234921494	1.2250604983742408	0.8683169774198729
0	5.150258	8.4	0	0.13943667647131222	0.8486258149510084	0.771584445117311
0	5.092523	8.5	0	0.13943667647131222	0.8486258149510084	0.771584445117311
0	4.907477	8.5	0	0.0774311709700922	1.6984184360642525	0.9104317511143589
0	4.965212	8.6	0	0.0774311709700922	1.6984184360642525	0.9104317511143589
0	5.034788	8.6	0	0.05	1.7813992359185207	1.0393717964766354
