Mode	X(mm)	Y(mm)	Z(mm)	Pmod	Vel/Time
1	0.000000	0.000000	0	0	0
0	5.0	0.0	0	1.0	3.0	1.0
0	10.0	0.0	0	1.0	3.0	1.0
1	10.000000	0.100000	0	0	0.00090625
0	5.0	0.1	0	0.8270341012276383	3.0	1.017313782547
0	0.0	0.1	0	0.9004441286946575	3.0	1.014728797311
1	0.000000	0.200000	0	0	0.00090625
0	5.0	0.2	0	0.7628221505307012	3.0	1.012096324318
0	10.0	0.2	0	0.8474330354382824	3.0	1.02956603804
1	10.000000	0.300000	0	0	0.00090625
0	5.0	0.3	0	0.7358074439494644	3.0	1.0147444101494998
0	0.0	0.3	0	0.8252549085455573	3.0	1.0369118939515
1	0.000000	0.400000	0	0	0.00090625
0	5.0	0.4	0	0.7162073729715093	3.0	1.0153114351124999
0	10.0	0.4	0	0.8083694959784153	3.0	1.0412902932655
1	10.000000	0.500000	0	0	0.00090625
0	5.0	0.5	0	0.703742024373057	3.0	1.0157439704934998
0	0.0	0.5	0	0.7975608779334563	3.0	1.0445654983405
1	0.000000	0.600000	0	0	0.00090625
0	5.0	0.6	0	0.6942624877171457	3.0	1.0159582946849999
0	10.0	0.6	0	0.7975608779334563	3.0	1.0445654983405
1	10.000000	0.700000	0	0	0.00090625
0	5.0	0.7	0	0.6942624877171457	3.0	1.0159582946849999
0	0.0	0.7	0	0.7838617912588395	3.0	1.0478154710374998
1	0.000000	0.800000	0	0	0.00090625
0	5.0	0.8	0	0.6820521522619332	3.0	1.014832400462
0	10.0	0.8	0	0.7838617912588395	3.0	1.0478154710374998
1	10.000000	0.900000	0	0	0.00090625
0	5.0	0.9	0	0.6820521522619332	3.0	1.014832400462
0	0.0	0.9	0	0.7838617912588395	3.0	1.0478154710374998
1	0.000000	1.000000	0	0	0.00090625
0	5.0	1.0	0	0.6820521522619332	3.0	1.014832400462
0	10.0	1.0	0	0.7727633884457363	3.0	1.0507945143895
1	10.000000	1.100000	0	0	0.00090625
0	5.0	1.1	0	0.6717300453605313	3.0	1.0146828246885
0	0.0	1.1	0	0.7727633884457363	3.0	1.0507945143895
1	0.000000	1.200000	0	0	0.00090625
0	5.0	1.2	0	0.6717300453605313	3.0	1.0146828246885
0	10.0	1.2	0	0.7727633884457363	3.0	1.0507945143895
1	10.000000	1.300000	0	0	0.00090625
0	5.0	1.3	0	0.6717300453605313	3.0	1.0146828246885
0	0.0	1.3	0	0.7727633884457363	3.0	1.0507945143895
1	0.000000	1.400000	0	0	0.00090625
0	5.0	1.4	0	0.6717300453605313	3.0	1.0146828246885
0	10.0	1.4	0	0.7727633884457363	3.0	1.0507945143895
1	10.000000	1.500000	0	0	0.00090625
0	5.0	1.5	0	0.6717300453605313	3.0	1.0146828246885
0	0.0	1.5	0	0.7727633884457363	3.0	1.0507945143895
1	0.000000	1.600000	0	0	0.00090625
0	5.0	1.6	0	0.662977617260154	3.0	1.0148403227885
0	10.0	1.6	0	0.7727633884457363	3.0	1.0507945143895
1	10.000000	1.700000	0	0	0.00090625
0	5.0	1.7	0	0.662977617260154	3.0	1.0148403227885
0	0.0	1.7	0	0.7727633884457363	3.0	1.0507945143895
1	0.000000	1.800000	0	0	0.00090625
0	5.0	1.8	0	0.662977617260154	3.0	1.0148403227885
0	10.0	1.8	0	0.7640030903408069	3.0	1.052786381881
1	10.000000	1.900000	0	0	0.00090625
0	5.0	1.9	0	0.662977617260154	3.0	1.0148403227885
0	0.0	1.9	0	0.7640030903408069	3.0	1.052786381881
1	0.000000	2.000000	0	0	0.00090625
0	5.0	2.0	0	0.662977617260154	3.0	1.0148403227885
0	10.0	2.0	0	0.7640030903408069	3.0	1.052786381881
1	10.000000	2.100000	0	0	0.00090625
0	5.0	2.1	0	0.662977617260154	3.0	1.0148403227885
0	0.0	2.1	0	0.7640030903408069	3.0	1.052786381881
1	0.000000	2.200000	0	0	0.00090625
0	5.0	2.2	0	0.662977617260154	3.0	1.0148403227885
0	10.0	2.2	0	0.7640030903408069	3.0	1.052786381881
1	10.000000	2.300000	0	0	0.00090625
0	5.0	2.3	0	0.662977617260154	3.0	1.0148403227885
0	0.0	2.3	0	0.7640030903408069	3.0	1.052786381881
1	0.000000	2.400000	0	0	0.00090625
0	5.0	2.4	0	0.662977617260154	3.0	1.0148403227885
0	10.0	2.4	0	0.7640030903408069	3.0	1.052786381881
1	10.000000	2.500000	0	0	0.00090625
0	5.0	2.5	0	0.662977617260154	3.0	1.0148403227885
0	0.0	2.5	0	0.7640030903408069	3.0	1.052786381881
1	0.000000	2.600000	0	0	0.00090625
0	5.0	2.6	0	0.662977617260154	3.0	1.0148403227885
0	10.0	2.6	0	0.7640030903408069	3.0	1.052786381881
1	10.000000	2.700000	0	0	0.00090625
0	5.0	2.7	0	0.662977617260154	3.0	1.0148403227885
0	0.0	2.7	0	0.7640030903408069	3.0	1.052786381881
1	0.000000	2.800000	0	0	0.00090625
0	5.0	2.8	0	0.662977617260154	3.0	1.0148403227885
0	10.0	2.8	0	0.7640030903408069	3.0	1.052786381881
1	10.000000	2.900000	0	0	0.00090625
0	5.0	2.9	0	0.662977617260154	3.0	1.0148403227885
0	0.0	2.9	0	0.7640030903408069	3.0	1.052786381881
1	0.000000	3.000000	0	0	0.00090625
0	5.0	3.0	0	0.662977617260154	3.0	1.0148403227885
0	10.0	3.0	0	0.7640030903408069	3.0	1.052786381881
1	10.000000	3.100000	0	0	0.00090625
0	5.0	3.1	0	0.662977617260154	3.0	1.0148403227885
0	0.0	3.1	0	0.7640030903408069	3.0	1.052786381881
1	0.000000	3.200000	0	0	0.00090625
0	5.0	3.2	0	0.662977617260154	3.0	1.0148403227885
0	10.0	3.2	0	0.7640030903408069	3.0	1.052786381881
1	10.000000	3.300000	0	0	0.00090625
0	5.0	3.3	0	0.662977617260154	3.0	1.0148403227885
0	0.0	3.3	0	0.7640030903408069	3.0	1.052786381881
1	0.000000	3.400000	0	0	0.00090625
0	5.0	3.4	0	0.662977617260154	3.0	1.0148403227885
0	10.0	3.4	0	0.7640030903408069	3.0	1.052786381881
1	10.000000	3.500000	0	0	0.00090625
0	5.0	3.5	0	0.662977617260154	3.0	1.0148403227885
0	0.0	3.5	0	0.7640030903408069	3.0	1.052786381881
1	0.000000	3.600000	0	0	0.00090625
0	5.0	3.6	0	0.662977617260154	3.0	1.0148403227885
0	10.0	3.6	0	0.7640030903408069	3.0	1.052786381881
1	10.000000	3.700000	0	0	0.00090625
0	5.0	3.7	0	0.662977617260154	3.0	1.0148403227885
0	0.0	3.7	0	0.7640030903408069	3.0	1.052786381881
1	0.000000	3.800000	0	0	0.00090625
0	5.0	3.8	0	0.662977617260154	3.0	1.0148403227885
0	10.0	3.8	0	0.7640030903408069	3.0	1.052786381881
1	10.000000	3.900000	0	0	0.00090625
0	5.0	3.9	0	0.662977617260154	3.0	1.0148403227885
0	0.0	3.9	0	0.7640030903408069	3.0	1.052786381881
1	0.000000	4.000000	0	0	0.00090625
0	5.0	4.0	0	0.662977617260154	3.0	1.0148403227885
0	10.0	4.0	0	0.7640030903408069	3.0	1.052786381881
1	10.000000	4.100000	0	0	0.00090625
0	5.0	4.1	0	0.662977617260154	3.0	1.0148403227885
0	0.0	4.1	0	0.7640030903408069	3.0	1.052786381881
1	0.000000	4.200000	0	0	0.00090625
0	5.0	4.2	0	0.662977617260154	3.0	1.0148403227885
0	10.0	4.2	0	0.7640030903408069	3.0	1.052786381881
1	10.000000	4.300000	0	0	0.00090625
0	5.0	4.3	0	0.662977617260154	3.0	1.0148403227885
0	0.0	4.3	0	0.7640030903408069	3.0	1.052786381881
1	0.000000	4.400000	0	0	0.00090625
0	5.0	4.4	0	0.662977617260154	3.0	1.0148403227885
0	10.0	4.4	0	0.7640030903408069	3.0	1.052786381881
1	10.000000	4.500000	0	0	0.00090625
0	5.0	4.5	0	0.662977617260154	3.0	1.0148403227885
0	0.0	4.5	0	0.7640030903408069	3.0	1.052786381881
1	0.000000	4.600000	0	0	0.00090625
0	5.0	4.6	0	0.662977617260154	3.0	1.0148403227885
0	10.0	4.6	0	0.7640030903408069	3.0	1.052786381881
1	10.000000	4.700000	0	0	0.00090625
0	5.0	4.7	0	0.662977617260154	3.0	1.0148403227885
0	0.0	4.7	0	0.7640030903408069	3.0	1.052786381881
1	0.000000	4.800000	0	0	0.00090625
0	5.0	4.8	0	0.662977617260154	3.0	1.0148403227885
0	10.0	4.8	0	0.7640030903408069	3.0	1.052786381881
1	10.000000	4.900000	0	0	0.00090625
0	5.0	4.9	0	0.662977617260154	3.0	1.0148403227885
0	0.0	4.9	0	0.7640030903408069	3.0	1.052786381881
1	0.000000	5.000000	0	0	0.00090625
0	5.0	5.0	0	0.662977617260154	3.0	1.0148403227885
0	10.0	5.0	0	0.7640030903408069	3.0	1.052786381881
1	10.000000	5.100000	0	0	0.00090625
0	5.0	5.1	0	0.662977617260154	3.0	1.0148403227885
0	0.0	5.1	0	0.7640030903408069	3.0	1.052786381881
1	0.000000	5.200000	0	0	0.00090625
0	5.0	5.2	0	0.662977617260154	3.0	1.0148403227885
0	10.0	5.2	0	0.7640030903408069	3.0	1.052786381881
1	10.000000	5.300000	0	0	0.00090625
0	5.0	5.3	0	0.662977617260154	3.0	1.0148403227885
0	0.0	5.3	0	0.7640030903408069	3.0	1.052786381881
1	0.000000	5.400000	0	0	0.00090625
0	5.0	5.4	0	0.662977617260154	3.0	1.0148403227885
0	10.0	5.4	0	0.7640030903408069	3.0	1.052786381881
1	10.000000	5.500000	0	0	0.00090625
0	5.0	5.5	0	0.662977617260154	3.0	1.0148403227885
0	0.0	5.5	0	0.7640030903408069	3.0	1.052786381881
1	0.000000	5.600000	0	0	0.00090625
0	5.0	5.6	0	0.662977617260154	3.0	1.0148403227885
0	10.0	5.6	0	0.7640030903408069	3.0	1.052786381881
1	10.000000	5.700000	0	0	0.00090625
0	5.0	5.7	0	0.662977617260154	3.0	1.0148403227885
0	0.0	5.7	0	0.7640030903408069	3.0	1.052786381881
1	0.000000	5.800000	0	0	0.00090625
0	5.0	5.8	0	0.662977617260154	3.0	1.0148403227885
0	10.0	5.8	0	0.7640030903408069	3.0	1.052786381881
1	10.000000	5.900000	0	0	0.00090625
0	5.0	5.9	0	0.662977617260154	3.0	1.0148403227885
0	0.0	5.9	0	0.7640030903408069	3.0	1.052786381881
1	0.000000	6.000000	0	0	0.00090625
0	5.0	6.0	0	0.662977617260154	3.0	1.0148403227885
0	10.0	6.0	0	0.7640030903408069	3.0	1.052786381881
1	10.000000	6.100000	0	0	0.00090625
0	5.0	6.1	0	0.662977617260154	3.0	1.0148403227885
0	0.0	6.1	0	0.7640030903408069	3.0	1.052786381881
1	0.000000	6.200000	0	0	0.00090625
0	5.0	6.2	0	0.662977617260154	3.0	1.0148403227885
0	10.0	6.2	0	0.7640030903408069	3.0	1.052786381881
1	10.000000	6.300000	0	0	0.00090625
0	5.0	6.3	0	0.662977617260154	3.0	1.0148403227885
0	0.0	6.3	0	0.7640030903408069	3.0	1.052786381881
1	0.000000	6.400000	0	0	0.00090625
0	5.0	6.4	0	0.662977617260154	3.0	1.0148403227885
0	10.0	6.4	0	0.7640030903408069	3.0	1.052786381881
1	10.000000	6.500000	0	0	0.00090625
0	5.0	6.5	0	0.662977617260154	3.0	1.0148403227885
0	0.0	6.5	0	0.7640030903408069	3.0	1.052786381881
1	0.000000	6.600000	0	0	0.00090625
0	5.0	6.6	0	0.662977617260154	3.0	1.0148403227885
0	10.0	6.6	0	0.7640030903408069	3.0	1.052786381881
1	10.000000	6.700000	0	0	0.00090625
0	5.0	6.7	0	0.662977617260154	3.0	1.0148403227885
0	0.0	6.7	0	0.7640030903408069	3.0	1.052786381881
1	0.000000	6.800000	0	0	0.00090625
0	5.0	6.8	0	0.662977617260154	3.0	1.0148403227885
0	10.0	6.8	0	0.7640030903408069	3.0	1.052786381881
1	10.000000	6.900000	0	0	0.00090625
0	5.0	6.9	0	0.662977617260154	3.0	1.0148403227885
0	0.0	6.9	0	0.7640030903408069	3.0	1.052786381881
1	0.000000	7.000000	0	0	0.00090625
0	5.0	7.0	0	0.662977617260154	3.0	1.0148403227885
0	10.0	7.0	0	0.7640030903408069	3.0	1.052786381881
1	10.000000	7.100000	0	0	0.00090625
0	5.0	7.1	0	0.662977617260154	3.0	1.0148403227885
0	0.0	7.1	0	0.7640030903408069	3.0	1.052786381881
1	0.000000	7.200000	0	0	0.00090625
0	5.0	7.2	0	0.662977617260154	3.0	1.0148403227885
0	10.0	7.2	0	0.7640030903408069	3.0	1.052786381881
1	10.000000	7.300000	0	0	0.00090625
0	5.0	7.3	0	0.662977617260154	3.0	1.0148403227885
0	0.0	7.3	0	0.7640030903408069	3.0	1.052786381881
1	0.000000	7.400000	0	0	0.00090625
0	5.0	7.4	0	0.662977617260154	3.0	1.0148403227885
0	10.0	7.4	0	0.7640030903408069	3.0	1.052786381881
1	10.000000	7.500000	0	0	0.00090625
0	5.0	7.5	0	0.662977617260154	3.0	1.0148403227885
0	0.0	7.5	0	0.7640030903408069	3.0	1.052786381881
1	0.000000	7.600000	0	0	0.00090625
0	5.0	7.6	0	0.662977617260154	3.0	1.0148403227885
0	10.0	7.6	0	0.7640030903408069	3.0	1.052786381881
1	10.000000	7.700000	0	0	0.00090625
0	5.0	7.7	0	0.662977617260154	3.0	1.0148403227885
0	0.0	7.7	0	0.7640030903408069	3.0	1.052786381881
1	0.000000	7.800000	0	0	0.00090625
0	5.0	7.8	0	0.662977617260154	3.0	1.0148403227885
0	10.0	7.8	0	0.7640030903408069	3.0	1.052786381881
1	10.000000	7.900000	0	0	0.00090625
0	5.0	7.9	0	0.662977617260154	3.0	1.0148403227885
0	0.0	7.9	0	0.7640030903408069	3.0	1.052786381881
1	0.000000	8.000000	0	0	0.00090625
0	5.0	8.0	0	0.662977617260154	3.0	1.0148403227885
0	10.0	8.0	0	0.7640030903408069	3.0	1.052786381881
1	10.000000	8.100000	0	0	0.00090625
0	5.0	8.1	0	0.662977617260154	3.0	1.0148403227885
0	0.0	8.1	0	0.7640030903408069	3.0	1.052786381881
1	0.000000	8.200000	0	0	0.00090625
0	5.0	8.2	0	0.662977617260154	3.0	1.0148403227885
0	10.0	8.2	0	0.7640030903408069	3.0	1.052786381881
1	10.000000	8.300000	0	0	0.00090625
0	5.0	8.3	0	0.662977617260154	3.0	1.0148403227885
0	0.0	8.3	0	0.7640030903408069	3.0	1.052786381881
1	0.000000	8.400000	0	0	0.00090625
0	5.0	8.4	0	0.662977617260154	3.0	1.0148403227885
0	10.0	8.4	0	0.7640030903408069	3.0	1.052786381881
1	10.000000	8.500000	0	0	0.00090625
0	5.0	8.5	0	0.662977617260154	3.0	1.0148403227885
0	0.0	8.5	0	0.7640030903408069	3.0	1.052786381881
1	0.000000	8.600000	0	0	0.00090625
0	5.0	8.6	0	0.662977617260154	3.0	1.0148403227885
0	10.0	8.6	0	0.7640030903408069	3.0	1.052786381881
1	10.000000	8.700000	0	0	0.00090625
0	5.0	8.7	0	0.662977617260154	3.0	1.0148403227885
0	0.0	8.7	0	0.7640030903408069	3.0	1.052786381881
1	0.000000	8.800000	0	0	0.00090625
0	5.0	8.8	0	0.662977617260154	3.0	1.0148403227885
0	10.0	8.8	0	0.7640030903408069	3.0	1.052786381881
1	10.000000	8.900000	0	0	0.00090625
0	5.0	8.9	0	0.662977617260154	3.0	1.0148403227885
0	0.0	8.9	0	0.7640030903408069	3.0	1.052786381881
1	0.000000	9.000000	0	0	0.00090625
0	5.0	9.0	0	0.662977617260154	3.0	1.0148403227885
0	10.0	9.0	0	0.7640030903408069	3.0	1.052786381881
1	10.000000	9.100000	0	0	0.00090625
0	5.0	9.1	0	0.662977617260154	3.0	1.0148403227885
0	0.0	9.1	0	0.7640030903408069	3.0	1.052786381881
1	0.000000	9.200000	0	0	0.00090625
0	5.0	9.2	0	0.662977617260154	3.0	1.0148403227885
0	10.0	9.2	0	0.7640030903408069	3.0	1.052786381881
1	10.000000	9.300000	0	0	0.00090625
0	5.0	9.3	0	0.662977617260154	3.0	1.0148403227885
0	0.0	9.3	0	0.7640030903408069	3.0	1.052786381881
1	0.000000	9.400000	0	0	0.00090625
0	5.0	9.4	0	0.662977617260154	3.0	1.0148403227885
0	10.0	9.4	0	0.7640030903408069	3.0	1.052786381881
1	10.000000	9.500000	0	0	0.00090625
0	5.0	9.5	0	0.662977617260154	3.0	1.0148403227885
0	0.0	9.5	0	0.7640030903408069	3.0	1.052786381881
1	0.000000	9.600000	0	0	0.00090625
0	5.0	9.6	0	0.662977617260154	3.0	1.0148403227885
0	10.0	9.6	0	0.7640030903408069	3.0	1.052786381881
1	10.000000	9.700000	0	0	0.00090625
0	5.0	9.7	0	0.662977617260154	3.0	1.0148403227885
0	0.0	9.7	0	0.7640030903408069	3.0	1.052786381881
1	0.000000	9.800000	0	0	0.00090625
0	5.0	9.8	0	0.662977617260154	3.0	1.0148403227885
0	10.0	9.8	0	0.7640030903408069	3.0	1.052786381881
1	10.000000	9.900000	0	0	0.00090625
0	5.0	9.9	0	0.662977617260154	3.0	1.0148403227885
0	0.0	9.9	0	0.7640030903408069	3.0	1.052786381881
1	0.000000	10.000000	0	0	0.00090625
0	5.0	10.0	0	0.662977617260154	3.0	1.0148403227885
0	10.0	10.0	0	0.7640030903408069	3.0	1.052786381881
