Mode	X(mm)	Y(mm)	Z(mm)	Pmod	Vel/Time
1	0.000000	0.000000	0	0	0
0	1.0	0.0	0	1.0	3.0	0.9999999999999999
0	2.0	0.0	0	1.0	3.0	0.9999999999999999
0	3.0	0.0	0	1.0	3.0	0.9999999999999999
0	4.0	0.0	0	1.0	3.0	0.9999999999999999
0	5.0	0.0	0	1.0	3.0	0.9999999999999999
0	6.0	0.0	0	1.0	3.0	0.9999999999999999
0	7.0	0.0	0	1.0	3.0	0.9999999999999999
0	8.0	0.0	0	1.0	3.0	0.9999999999999999
0	9.0	0.0	0	1.0	3.0	0.9999999999999999
0	10.0	0.0	0	1.0	3.0	0.9999999999999999
0	10.0	0.1	0	1.0	3.0	0.9999999999999999
0	9.0	0.1	0	0.27440096042495005	1.5766894420302422	1.3106905430651055
0	8.0	0.1	0	0.4628493292116333	1.9730231438515053	1.1209262854720587
0	7.0	0.1	0	0.555162203083192	2.133963743616251	1.0859130711406475
0	6.0	0.1	0	0.6222098158785363	2.2815074268570683	1.0670177316352463
0	5.0	0.1	0	0.6222098158785363	2.2815074268570683	1.0670177316352463
0	4.0	0.1	0	0.6900492306249009	2.376746416895332	1.0482599643270836
0	3.0	0.1	0	0.6900492306249009	2.376746416895332	1.0482599643270836
0	2.0	0.1	0	0.6900492306249009	2.376746416895332	1.0482599643270836
0	1.0	0.1	0	0.6900492306249009	2.376746416895332	1.0482599643270836
0	0.0	0.1	0	0.7607079631526517	2.4474392189538094	1.0567060952044347
0	0.0	0.2	0	0.7607079631526517	2.4474392189538094	1.0567060952044347
0	1.0	0.2	0	0.2728119770249055	1.8306166407265796	1.4261644000269926
0	2.0	0.2	0	0.4292621574391486	1.932525266505381	1.125173412938539
0	3.0	0.2	0	0.5193347479802582	2.1122201439717965	1.0861032236830714
0	4.0	0.2	0	0.5858710996096551	2.2722391469973404	1.0670819393470274
0	5.0	0.2	0	0.5858710996096551	2.2722391469973404	1.0670819393470274
0	6.0	0.2	0	0.6548969432874494	2.3749719399909406	1.048559021346093
0	7.0	0.2	0	0.6548969432874494	2.3749719399909406	1.048559021346093
0	8.0	0.2	0	0.6548969432874494	2.3749719399909406	1.048559021346093
0	9.0	0.2	0	0.7161419399959066	2.459110719866476	1.0420739684371676
0	10.0	0.2	0	0.7161419399959066	2.459110719866476	1.0420739684371676
0	10.0	0.3	0	0.7161419399959066	2.459110719866476	1.0420739684371676
0	9.0	0.3	0	0.27601126742667215	1.6443279691466377	1.2462896463034565
0	8.0	0.3	0	0.4458038981192189	2.1044834142537896	1.1070960956410263
0	7.0	0.3	0	0.529546995345657	2.255480479598315	1.076661973443474
0	6.0	0.3	0	0.5905405913421907	2.3812594649650753	1.0563164685153905
0	5.0	0.3	0	0.5905405913421907	2.3812594649650753	1.0563164685153905
0	4.0	0.3	0	0.6514616878089456	2.4723073631769696	1.0441470246462192
0	3.0	0.3	0	0.6514616878089456	2.4723073631769696	1.0441470246462192
0	2.0	0.3	0	0.6514616878089456	2.4723073631769696	1.0441470246462192
0	1.0	0.3	0	0.7105494832045306	2.5339138480383925	1.0370518199988357
0	0.0	0.3	0	0.7105494832045306	2.5339138480383925	1.0370518199988357
0	0.0	0.4	0	0.7105494832045306	2.5339138480383925	1.0370518199988357
0	1.0	0.4	0	0.27144182988713106	1.6495860785957714	1.2173482161611424
0	2.0	0.4	0	0.36860576601222084	1.860834640712524	1.094170197733848
0	3.0	0.4	0	0.4781288880458091	2.0668712266451337	1.0760560228859801
0	4.0	0.4	0	0.5502960342457899	2.238584611052522	1.0660371458207818
0	5.0	0.4	0	0.5502960342457899	2.238584611052522	1.0660371458207818
0	6.0	0.4	0	0.6147951597696267	2.361994046008723	1.0489419481819406
0	7.0	0.4	0	0.6147951597696267	2.361994046008723	1.0489419481819406
0	8.0	0.4	0	0.6147951597696267	2.361994046008723	1.0489419481819406
0	9.0	0.4	0	0.6770694399635702	2.454888881501741	1.0440686948513653
0	10.0	0.4	0	0.6770694399635702	2.454888881501741	1.0440686948513653
0	10.0	0.5	0	0.6770694399635702	2.454888881501741	1.0440686948513653
0	9.0	0.5	0	0.27157553052111705	1.6511965995458646	1.2098036484654915
0	8.0	0.5	0	0.36759958838190715	1.8649516139272688	1.0911891179816917
0	7.0	0.5	0	0.47468632132194083	2.0715484463630127	1.0732331710288812
0	6.0	0.5	0	0.5428651960304077	2.2552108343293433	1.0693184545139387
0	5.0	0.5	0	0.5428651960304077	2.2552108343293433	1.0693184545139387
0	4.0	0.5	0	0.6077651154135343	2.373136044415904	1.0476012509329917
0	3.0	0.5	0	0.6077651154135343	2.373136044415904	1.0476012509329917
0	2.0	0.5	0	0.6077651154135343	2.373136044415904	1.0476012509329917
0	1.0	0.5	0	0.6716026533390891	2.4625745655921585	1.0435998076882398
0	0.0	0.5	0	0.6716026533390891	2.4625745655921585	1.0435998076882398
0	0.0	0.6	0	0.6716026533390891	2.4625745655921585	1.0435998076882398
0	1.0	0.6	0	0.28427783717848326	2.0341020636238123	1.2995812358366785
0	2.0	0.6	0	0.437704149157346	2.2481748795870997	1.0884921122137374
0	3.0	0.6	0	0.5192211128495908	2.366505020930296	1.060714542849406
0	4.0	0.6	0	0.5736441396830606	2.481134916154181	1.0528463917654072
0	5.0	0.6	0	0.5736441396830606	2.481134916154181	1.0528463917654072
0	6.0	0.6	0	0.6324727482849561	2.5495687856370943	1.0384531080513093
0	7.0	0.6	0	0.6324727482849561	2.5495687856370943	1.0384531080513093
0	8.0	0.6	0	0.6324727482849561	2.5495687856370943	1.0384531080513093
0	9.0	0.6	0	0.692558840128803	2.5931511870671615	1.034292966947023
0	10.0	0.6	0	0.692558840128803	2.5931511870671615	1.034292966947023
0	10.0	0.7	0	0.692558840128803	2.5931511870671615	1.034292966947023
0	9.0	0.7	0	0.2800940367255051	2.0422856905695435	1.2930153121639345
0	8.0	0.7	0	0.4315462189352645	2.2589895916772886	1.0856428469977366
0	7.0	0.7	0	0.5127577884961426	2.376232705415656	1.057939742442399
0	6.0	0.7	0	0.5127577884961426	2.376232705415656	1.057939742442399
0	5.0	0.7	0	0.5859060791560607	2.465781983263309	1.0502214830606353
0	4.0	0.7	0	0.5859060791560607	2.465781983263309	1.0502214830606353
0	3.0	0.7	0	0.5859060791560607	2.465781983263309	1.0502214830606353
0	2.0	0.7	0	0.6486435007958333	2.5328071192556516	1.0382414092080294
0	1.0	0.7	0	0.6486435007958333	2.5328071192556516	1.0382414092080294
0	0.0	0.7	0	0.7219851146719869	2.5775693524565595	1.0678691325903644
0	0.0	0.8	0	0.7219851146719869	2.5775693524565595	1.0678691325903644
0	1.0	0.8	0	0.26396861432365615	2.042025736407174	1.3252604199311553
0	2.0	0.8	0	0.43023004356259187	2.2457272675311755	1.077997590527133
0	3.0	0.8	0	0.5029397059715909	2.3872365473009802	1.0671685101983042
0	4.0	0.8	0	0.5646256043423213	2.4893173059438762	1.0529331176666619
0	5.0	0.8	0	0.5646256043423213	2.4893173059438762	1.0529331176666619
0	6.0	0.8	0	0.6194298036418705	2.561004631848327	1.038232233366545
0	7.0	0.8	0	0.6194298036418705	2.561004631848327	1.038232233366545
0	8.0	0.8	0	0.6194298036418705	2.561004631848327	1.038232233366545
0	9.0	0.8	0	0.6806306668634305	2.6025895511836934	1.035478771147505
0	10.0	0.8	0	0.6806306668634305	2.6025895511836934	1.035478771147505
0	10.0	0.9	0	0.6806306668634305	2.6025895511836934	1.035478771147505
0	9.0	0.9	0	0.28091643627578894	2.0420602526997373	1.275379253603563
0	8.0	0.9	0	0.4291197867476463	2.3284835182033983	1.0910751634092208
0	7.0	0.9	0	0.513128016575021	2.420070657322323	1.0513887321614603
0	6.0	0.9	0	0.567781787270027	2.522726283385405	1.0485436572987659
0	5.0	0.9	0	0.567781787270027	2.522726283385405	1.0485436572987659
0	4.0	0.9	0	0.6232667506317254	2.5847197678525076	1.0350395024853172
0	3.0	0.9	0	0.6232667506317254	2.5847197678525076	1.0350395024853172
0	2.0	0.9	0	0.6232667506317254	2.5847197678525076	1.0350395024853172
0	1.0	0.9	0	0.6794115114336516	2.6306714575167103	1.0363336494317188
0	0.0	0.9	0	0.6794115114336516	2.6306714575167103	1.0363336494317188
0	0.0	1.0	0	0.6794115114336516	2.6306714575167103	1.0363336494317188
0	1.0	1.0	0	0.2813219057761495	2.042522849517545	1.2686599518443549
0	2.0	1.0	0	0.42796751094482216	2.330779602047012	1.0884436449800858
0	3.0	1.0	0	0.5067458379575992	2.4375919996591278	1.0578515161323756
0	4.0	1.0	0	0.5635000200645424	2.532267497035839	1.0493412026044315
0	5.0	1.0	0	0.5635000200645424	2.532267497035839	1.0493412026044315
0	6.0	1.0	0	0.6194035319537696	2.591461174583184	1.0348393368667197
0	7.0	1.0	0	0.6194035319537696	2.591461174583184	1.0348393368667197
0	8.0	1.0	0	0.6194035319537696	2.591461174583184	1.0348393368667197
0	9.0	1.0	0	0.6774792955022482	2.634037551054801	1.0366738523365588
0	10.0	1.0	0	0.6774792955022482	2.634037551054801	1.0366738523365588
0	10.0	1.1	0	0.6774792955022482	2.634037551054801	1.0366738523365588
0	9.0	1.1	0	0.2845150516844417	2.055291993811358	1.2553680098900475
0	8.0	1.1	0	0.4291682952587299	2.3423257297733366	1.0871555316706754
0	7.0	1.1	0	0.5078956943764219	2.4456846568770123	1.0562534540773074
0	6.0	1.1	0	0.5633470853381717	2.5391786742633693	1.0476125595758163
0	5.0	1.1	0	0.5633470853381717	2.5391786742633693	1.0476125595758163
0	4.0	1.1	0	0.6192938669138934	2.5968091153814874	1.0340104115314883
0	3.0	1.1	0	0.6192938669138934	2.5968091153814874	1.0340104115314883
0	2.0	1.1	0	0.6192938669138934	2.5968091153814874	1.0340104115314883
0	1.0	1.1	0	0.6763565862641113	2.639223150909573	1.0362075220032494
0	0.0	1.1	0	0.6763565862641113	2.639223150909573	1.0362075220032494
0	0.0	1.2	0	0.6763565862641113	2.639223150909573	1.0362075220032494
0	1.0	1.2	0	0.2840535024097341	2.0558444047281403	1.2533512551313193
0	2.0	1.2	0	0.42801280452091695	2.34365675012653	1.0864762474819103
0	3.0	1.2	0	0.5062872102240954	2.4471208206563118	1.0553824407740826
0	4.0	1.2	0	0.5616318451652552	2.540964201001935	1.0478661697477527
0	5.0	1.2	0	0.5616318451652552	2.540964201001935	1.0478661697477527
0	6.0	1.2	0	0.6173377247403091	2.5984082754014715	1.0337641004803424
0	7.0	1.2	0	0.6173377247403091	2.5984082754014715	1.0337641004803424
0	8.0	1.2	0	0.6173377247403091	2.5984082754014715	1.0337641004803424
0	9.0	1.2	0	0.6750051503215563	2.640047344929797	1.0362892933615453
0	10.0	1.2	0	0.6750051503215563	2.640047344929797	1.0362892933615453
0	10.0	1.3	0	0.6750051503215563	2.640047344929797	1.0362892933615453
0	9.0	1.3	0	0.2839086188985275	2.0558315222282153	1.2517008756250179
0	8.0	1.3	0	0.4275301848979581	2.3445537256594853	1.0863127221689233
0	7.0	1.3	0	0.5059154872251329	2.4476917895418784	1.05495002592653
0	6.0	1.3	0	0.560898084344109	2.5416880365506644	1.047237652013145
0	5.0	1.3	0	0.560898084344109	2.5416880365506644	1.047237652013145
0	4.0	1.3	0	0.616540136983894	2.599226024838745	1.033491283392892
0	3.0	1.3	0	0.616540136983894	2.599226024838745	1.033491283392892
0	2.0	1.3	0	0.616540136983894	2.599226024838745	1.033491283392892
0	1.0	1.3	0	0.6738619532347874	2.6411888521729785	1.0361926145842895
0	0.0	1.3	0	0.6738619532347874	2.6411888521729785	1.0361926145842895
0	0.0	1.4	0	0.6738619532347874	2.6411888521729785	1.0361926145842895
0	1.0	1.4	0	0.2836929461872288	2.056014633821795	1.250404894817129
0	2.0	1.4	0	0.42689087030162315	2.3452424537085155	1.0858421668949088
0	3.0	1.4	0	0.5049697868745957	2.4485294478968016	1.0544906615042131
0	4.0	1.4	0	0.5599173573180173	2.5426544591780176	1.047311500557443
0	5.0	1.4	0	0.5599173573180173	2.5426544591780176	1.047311500557443
0	6.0	1.4	0	0.6154582765010368	2.6000770556793578	1.0333268549751708
0	7.0	1.4	0	0.6154582765010368	2.6000770556793578	1.0333268549751708
0	8.0	1.4	0	0.6154582765010368	2.6000770556793578	1.0333268549751708
0	9.0	1.4	0	0.6730872377102777	2.641660262046678	1.0362383370811128
0	10.0	1.4	0	0.6730872377102777	2.641660262046678	1.0362383370811128
0	10.0	1.5	0	0.6730872377102777	2.641660262046678	1.0362383370811128
0	9.0	1.5	0	0.2836160745266008	2.055963519328898	1.2493955751123278
0	8.0	1.5	0	0.4265927246797205	2.345747651236113	1.0857135132342697
0	7.0	1.5	0	0.5046961912731894	2.448881783584989	1.054212178149604
0	6.0	1.5	0	0.559441777319261	2.5431024038169068	1.0469541680732521
0	5.0	1.5	0	0.559441777319261	2.5431024038169068	1.0469541680732521
0	4.0	1.5	0	0.6148726095560764	2.600642850335148	1.033144737564648
0	3.0	1.5	0	0.6148726095560764	2.600642850335148	1.033144737564648
0	2.0	1.5	0	0.6148726095560764	2.600642850335148	1.033144737564648
0	1.0	1.5	0	0.6723242268265252	2.6423822549030973	1.0361741547170555
0	0.0	1.5	0	0.6723242268265252	2.6423822549030973	1.0361741547170555
0	0.0	1.6	0	0.6723242268265252	2.6423822549030973	1.0361741547170555
0	1.0	1.6	0	0.2834742860863196	2.056088073189423	1.248551781025687
0	2.0	1.6	0	0.42614773595953054	2.3462141281117423	1.0854244141861749
0	3.0	1.6	0	0.5040677215232924	2.449431269817272	1.053921510316169
0	4.0	1.6	0	0.5588037482068556	2.543715835477149	1.0469914533080644
0	5.0	1.6	0	0.5588037482068556	2.543715835477149	1.0469914533080644
0	6.0	1.6	0	0.6141720605624261	2.601192406988054	1.0330582135735429
0	7.0	1.6	0	0.6141720605624261	2.601192406988054	1.0330582135735429
0	8.0	1.6	0	0.6141720605624261	2.601192406988054	1.0330582135735429
0	9.0	1.6	0	0.6717981902488561	2.6427088026298473	1.036204063382632
0	10.0	1.6	0	0.6717981902488561	2.6427088026298473	1.036204063382632
0	10.0	1.7	0	0.6717981902488561	2.6427088026298473	1.036204063382632
0	9.0	1.7	0	0.2834266207592604	2.0560449617217187	1.2478867014667103
0	8.0	1.7	0	0.3704426140335001	2.1184499758994204	1.0378795703824988
0	7.0	1.7	0	0.4769639907806546	2.2873193050285447	1.0566395160826685
0	6.0	1.7	0	0.5388111201449212	2.419490470500427	1.0524353718765234
0	5.0	1.7	0	0.5388111201449212	2.419490470500427	1.0524353718765234
0	4.0	1.7	0	0.5960756923336668	2.5115159098250435	1.0396499754202335
0	3.0	1.7	0	0.5960756923336668	2.5115159098250435	1.0396499754202335
0	2.0	1.7	0	0.5960756923336668	2.5115159098250435	1.0396499754202335
0	1.0	1.7	0	0.6583694079764556	2.568904500647405	1.0384177888364772
0	0.0	1.7	0	0.6583694079764556	2.568904500647405	1.0384177888364772
0	0.0	1.8	0	0.6583694079764556	2.568904500647405	1.0384177888364772
0	1.0	1.8	0	0.28353816947982446	2.0559790215393856	1.2497261382952716
0	2.0	1.8	0	0.42681835930300516	2.3451790458230337	1.0854870239815542
0	3.0	1.8	0	0.5050828692774514	2.4483147300885566	1.0541487420922415
0	4.0	1.8	0	0.5597250594431379	2.5426041886304636	1.0466686978798756
0	5.0	1.8	0	0.5597250594431379	2.5426041886304636	1.0466686978798756
0	6.0	1.8	0	0.6145002682926157	2.6008791626518417	1.032792289902903
0	7.0	1.8	0	0.6145002682926157	2.6008791626518417	1.032792289902903
0	8.0	1.8	0	0.6145002682926157	2.6008791626518417	1.032792289902903
0	9.0	1.8	0	0.673806543493193	2.6406327850946223	1.0363803774646245
0	10.0	1.8	0	0.673806543493193	2.6406327850946223	1.0363803774646245
0	10.0	1.9	0	0.673806543493193	2.6406327850946223	1.0363803774646245
0	9.0	1.9	0	0.2832592039040288	2.056576189224491	1.2498746890525985
0	8.0	1.9	0	0.4264349052486562	2.3457339267090336	1.0849811464244348
0	7.0	1.9	0	0.5037573251914087	2.449460024815296	1.0536315920478128
0	6.0	1.9	0	0.5578803194022716	2.54430165600588	1.0465802318922832
0	5.0	1.9	0	0.5578803194022716	2.54430165600588	1.0465802318922832
0	4.0	1.9	0	0.6131149611163279	2.601975011630323	1.0329195911680515
0	3.0	1.9	0	0.6131149611163279	2.601975011630323	1.0329195911680515
0	2.0	1.9	0	0.6131149611163279	2.601975011630323	1.0329195911680515
0	1.0	1.9	0	0.6704758600109905	2.643742736570405	1.0361634059689824
0	0.0	1.9	0	0.6704758600109905	2.643742736570405	1.0361634059689824
0	0.0	2.0	0	0.6704758600109905	2.643742736570405	1.0361634059689824
0	1.0	2.0	0	0.28319838560601224	2.056167721180236	1.2465174463151452
0	2.0	2.0	0	0.3700799931850629	2.1192407420638633	1.0378610514843758
0	3.0	2.0	0	0.4761604092128754	2.2880814526296382	1.0562071606262597
0	4.0	2.0	0	0.5378152033671698	2.4204468920051587	1.0522134186824468
0	5.0	2.0	0	0.5378152033671698	2.4204468920051587	1.0522134186824468
0	6.0	2.0	0	0.5949090970716459	2.5125433886927055	1.0394789343736954
0	7.0	2.0	0	0.5949090970716459	2.5125433886927055	1.0394789343736954
0	8.0	2.0	0	0.5949090970716459	2.5125433886927055	1.0394789343736954
0	9.0	2.0	0	0.6577861560123284	2.5692837559983333	1.0385924976188783
0	10.0	2.0	0	0.6577861560123284	2.5692837559983333	1.0385924976188783
0	10.0	2.1	0	0.6577861560123284	2.5692837559983333	1.0385924976188783
0	9.0	2.1	0	0.28340158840430696	2.0561929941837604	1.2492414806429313
0	8.0	2.1	0	0.426500797458057	2.345498650811835	1.0852165620420788
0	7.0	2.1	0	0.504498172678944	2.4487569125997024	1.053813747572889
0	6.0	2.1	0	0.558858294643548	2.543301613494826	1.0464312638857758
0	5.0	2.1	0	0.558858294643548	2.543301613494826	1.0464312638857758
0	4.0	2.1	0	0.6135269931316395	2.6016543072709433	1.0326765311802313
0	3.0	2.1	0	0.6135269931316395	2.6016543072709433	1.0326765311802313
0	2.0	2.1	0	0.6135269931316395	2.6016543072709433	1.0326765311802313
0	1.0	2.1	0	0.6727648189872837	2.6414421326277147	1.036397078165366
0	0.0	2.1	0	0.6727648189872837	2.6414421326277147	1.036397078165366
0	0.0	2.2	0	0.6727648189872837	2.6414421326277147	1.036397078165366
0	1.0	2.2	0	0.28311447365410647	2.056636373850713	1.2487477894148582
0	2.0	2.2	0	0.42589149388377207	2.3463147505187636	1.0846963915913164
0	3.0	2.2	0	0.5030396763969999	2.4501155971194843	1.0533750863629474
0	4.0	2.2	0	0.5571019344592459	2.5449917424228787	1.0464961150382617
0	5.0	2.2	0	0.5571019344592459	2.5449917424228787	1.0464961150382617
0	6.0	2.2	0	0.612200480859783	2.602698826133704	1.0327774733770199
0	7.0	2.2	0	0.612200480859783	2.602698826133704	1.0327774733770199
0	8.0	2.2	0	0.612200480859783	2.602698826133704	1.0327774733770199
0	9.0	2.2	0	0.6698591179204341	2.6441256148206107	1.0362711696364777
0	10.0	2.2	0	0.6698591179204341	2.6441256148206107	1.0362711696364777
0	10.0	2.3	0	0.6698591179204341	2.6441256148206107	1.0362711696364777
0	9.0	2.3	0	0.2830970737552628	2.0562679620489295	1.2459088788395005
0	8.0	2.3	0	0.3699138261986879	2.1196835085443553	1.0378372147307229
0	7.0	2.3	0	0.4757488286889503	2.2884615887057476	1.0558932996061754
0	6.0	2.3	0	0.5372042345819458	2.42100368653762	1.0519675051691597
0	5.0	2.3	0	0.5372042345819458	2.42100368653762	1.0519675051691597
0	4.0	2.3	0	0.5942036249676347	2.5131868069061474	1.039391466897268
0	3.0	2.3	0	0.5942036249676347	2.5131868069061474	1.039391466897268
0	2.0	2.3	0	0.5942036249676347	2.5131868069061474	1.039391466897268
0	1.0	2.3	0	0.6570726803031024	2.569895696269772	1.0385863740562054
0	0.0	2.3	0	0.6570726803031024	2.569895696269772	1.0385863740562054
0	0.0	2.4	0	0.6570726803031024	2.569895696269772	1.0385863740562054
0	1.0	2.4	0	0.2832810988351413	2.0562628843660455	1.2484506053378746
0	2.0	2.4	0	0.4260931199384116	2.3459293935551013	1.085012089957586
0	3.0	2.4	0	0.5039753908557351	2.449226035814771	1.0536055978814525
0	4.0	2.4	0	0.5582905729784061	2.5437937067350354	1.0463351581171745
0	5.0	2.4	0	0.5582905729784061	2.5437937067350354	1.0463351581171745
0	6.0	2.4	0	0.6128601577880354	2.602185204414021	1.0325700466901566
0	7.0	2.4	0	0.6128601577880354	2.602185204414021	1.0325700466901566
0	8.0	2.4	0	0.6128601577880354	2.602185204414021	1.0325700466901566
0	9.0	2.4	0	0.6722466608005714	2.641803443223113	1.0364707701053557
0	10.0	2.4	0	0.6722466608005714	2.641803443223113	1.0364707701053557
0	10.0	2.5	0	0.6722466608005714	2.641803443223113	1.0364707701053557
0	9.0	2.5	0	0.28304773571673214	2.0566896007696487	1.2482217815705545
0	8.0	2.5	0	0.42564304956331606	2.3465715196418913	1.0845336897756146
0	7.0	2.5	0	0.5026775050935419	2.4504128904629687	1.0531806932856005
0	6.0	2.5	0	0.5566295471434421	2.545386531205233	1.0463815954497546
0	5.0	2.5	0	0.5566295471434421	2.545386531205233	1.0463815954497546
0	4.0	2.5	0	0.6116566842222473	2.6031372682650344	1.0327066538588876
0	3.0	2.5	0	0.6116566842222473	2.6031372682650344	1.0327066538588876
0	2.0	2.5	0	0.6116566842222473	2.6031372682650344	1.0327066538588876
0	1.0	2.5	0	0.6693085761137847	2.644547014996168	1.0362834600003572
0	0.0	2.5	0	0.6693085761137847	2.644547014996168	1.0362834600003572
0	0.0	2.6	0	0.6693085761137847	2.644547014996168	1.0362834600003572
0	1.0	2.6	0	0.283021438197458	2.056300575381542	1.2453230572127274
0	2.0	2.6	0	0.3697803009609315	2.1200781749358657	1.0378506095952114
0	3.0	2.6	0	0.4754426790497585	2.288781074512919	1.0556677562842254
0	4.0	2.6	0	0.5368071511889188	2.421401114970846	1.0518139095787538
0	5.0	2.6	0	0.5368071511889188	2.421401114970846	1.0518139095787538
0	6.0	2.6	0	0.5937496810899032	2.513619142173983	1.039321046073744
0	7.0	2.6	0	0.5937496810899032	2.513619142173983	1.039321046073744
0	8.0	2.6	0	0.5937496810899032	2.513619142173983	1.039321046073744
0	9.0	2.6	0	0.6567067168138114	2.57021413534314	1.0386158368202665
0	10.0	2.6	0	0.6567067168138114	2.57021413534314	1.0386158368202665
0	10.0	2.7	0	0.6567067168138114	2.57021413534314	1.0386158368202665
0	9.0	2.7	0	0.28322766454198356	2.056306684901002	1.2480446218523373
0	8.0	2.7	0	0.42589907678226874	2.3461597517103527	1.084898179919926
0	7.0	2.7	0	0.5037083932409043	2.4494688720645206	1.0534644254989305
0	6.0	2.7	0	0.5579467902337402	2.5440963450957295	1.0462479932744173
0	5.0	2.7	0	0.5579467902337402	2.5440963450957295	1.0462479932744173
0	4.0	2.7	0	0.612449596984124	2.602529909030342	1.032511983875598
0	3.0	2.7	0	0.612449596984124	2.602529909030342	1.032511983875598
0	2.0	2.7	0	0.612449596984124	2.602529909030342	1.032511983875598
0	1.0	2.7	0	0.6718444521510839	2.6421153095016474	1.0364678370330822
0	0.0	2.7	0	0.6718444521510839	2.6421153095016474	1.0364678370330822
0	0.0	2.8	0	0.6718444521510839	2.6421153095016474	1.0364678370330822
0	1.0	2.8	0	0.2829863636295389	2.0567104243264107	1.2477537629164872
0	2.0	2.8	0	0.4254348174628932	2.346825640666677	1.084421646176481
0	3.0	2.8	0	0.5024029981323961	2.4506826241954993	1.0530696579673557
0	4.0	2.8	0	0.556327488717404	2.5456616174402806	1.0463195014845037
0	5.0	2.8	0	0.556327488717404	2.5456616174402806	1.0463195014845037
0	6.0	2.8	0	0.6113018972940418	2.603434809033468	1.0326549411531611
0	7.0	2.8	0	0.6113018972940418	2.603434809033468	1.0326549411531611
0	8.0	2.8	0	0.6113018972940418	2.603434809033468	1.0326549411531611
0	9.0	2.8	0	0.6690239413691523	2.644749822317063	1.036298117058678
0	10.0	2.8	0	0.6690239413691523	2.644749822317063	1.036298117058678
0	10.0	2.9	0	0.6690239413691523	2.644749822317063	1.036298117058678
0	9.0	2.9	0	0.28297542969150147	2.0563345411043112	1.245025217394221
0	8.0	2.9	0	0.3697067767953814	2.1202988168485937	1.0378664548744292
0	7.0	2.9	0	0.4752659102786385	2.288955019653259	1.0555335694883292
0	6.0	2.9	0	0.5365595188809889	2.4216382972957113	1.051718214247119
0	5.0	2.9	0	0.5365595188809889	2.4216382972957113	1.051718214247119
0	4.0	2.9	0	0.593464229470504	2.513882175032247	1.0392743311109787
0	3.0	2.9	0	0.593464229470504	2.513882175032247	1.0392743311109787
0	2.0	2.9	0	0.593464229470504	2.513882175032247	1.0392743311109787
0	1.0	2.9	0	0.6564199134435188	2.5704665997307115	1.0386169603766884
0	0.0	2.9	0	0.6564199134435188	2.5704665997307115	1.0386169603766884
0	0.0	3.0	0	0.6564199134435188	2.5704665997307115	1.0386169603766884
0	1.0	3.0	0	0.2831831882500621	2.0563259780314787	1.2477056147444925
0	2.0	3.0	0	0.42574770988279664	2.3463193691072433	1.0847924908349922
0	3.0	3.0	0	0.5035101520704914	2.4496569521307303	1.053386185066407
0	4.0	3.0	0	0.5577136265522091	2.544311192934528	1.0462228864719127
0	5.0	3.0	0	0.5577136265522091	2.544311192934528	1.0462228864719127
0	6.0	3.0	0	0.612186842988311	2.6027384601903387	1.0324638016589054
0	7.0	3.0	0	0.612186842988311	2.6027384601903387	1.0324638016589054
0	8.0	3.0	0	0.612186842988311	2.6027384601903387	1.0324638016589054
0	9.0	3.0	0	0.6716257031723264	2.6422731065537923	1.0364889492208365
0	10.0	3.0	0	0.6716257031723264	2.6422731065537923	1.0364889492208365
0	10.0	3.1	0	0.6716257031723264	2.6422731065537923	1.0364889492208365
0	9.0	3.1	0	0.28295599785349373	2.0567285041447905	1.2475301639350314
0	8.0	3.1	0	0.36980477594088457	2.119106132958116	1.0370186676015318
0	7.0	3.1	0	0.4754516412911164	2.288435202645011	1.0556916653193578
0	6.0	3.1	0	0.5365870021750455	2.4213362892265686	1.0517973161119767
0	5.0	3.1	0	0.5365870021750455	2.4213362892265686	1.0517973161119767
0	4.0	3.1	0	0.5935095772364749	2.51362498185354	1.0393199656960959
0	3.0	3.1	0	0.5935095772364749	2.51362498185354	1.0393199656960959
0	2.0	3.1	0	0.5935095772364749	2.51362498185354	1.0393199656960959
0	1.0	3.1	0	0.6559936543459519	2.5707523861247283	1.0385049893765221
0	0.0	3.1	0	0.6559936543459519	2.5707523861247283	1.0385049893765221
0	0.0	3.2	0	0.6559936543459519	2.5707523861247283	1.0385049893765221
0	1.0	3.2	0	0.2831240885555027	2.0562999920972214	1.2472758723622197
0	2.0	3.2	0	0.3700312030850426	2.1186225973446584	1.037408999876174
0	3.0	3.2	0	0.4764469577775074	2.2875679913466707	1.0563606098634586
0	4.0	3.2	0	0.5380296429020013	2.419922310678226	1.0521249877877492
0	5.0	3.2	0	0.5380296429020013	2.419922310678226	1.0521249877877492
0	6.0	3.2	0	0.5943266731475462	2.5128014567753296	1.039084171191955
0	7.0	3.2	0	0.5943266731475462	2.5128014567753296	1.039084171191955
0	8.0	3.2	0	0.5943266731475462	2.5128014567753296	1.039084171191955
0	9.0	3.2	0	0.6589419535101332	2.567773280135851	1.0388388394098025
0	10.0	3.2	0	0.6589419535101332	2.567773280135851	1.0388388394098025
0	10.0	3.3	0	0.6589419535101332	2.567773280135851	1.0388388394098025
0	9.0	3.3	0	0.28313793567887774	2.0568088707921737	1.2504429514284283
0	8.0	3.3	0	0.4265929301524122	2.345140515923913	1.0847003431098023
0	7.0	3.3	0	0.5038815810696526	2.4490024066692664	1.053491164955027
0	6.0	3.3	0	0.5576718767623293	2.5441006471317844	1.0461315087679222
0	5.0	3.3	0	0.5576718767623293	2.5441006471317844	1.0461315087679222
0	4.0	3.3	0	0.6121692468448747	2.6026325595423554	1.0325597179998083
0	3.0	3.3	0	0.6121692468448747	2.6026325595423554	1.0325597179998083
0	2.0	3.3	0	0.6121692468448747	2.6026325595423554	1.0325597179998083
0	1.0	3.3	0	0.6714401070610441	2.642350681628026	1.0364611250469666
0	0.0	3.3	0	0.6714401070610441	2.642350681628026	1.0364611250469666
0	0.0	3.4	0	0.6714401070610441	2.642350681628026	1.0364611250469666
0	1.0	3.4	0	0.2828813271287161	2.0568446291407882	1.2475160663520666
0	2.0	3.4	0	0.3697001413299767	2.1192267834392213	1.0370580014837953
0	3.0	3.4	0	0.47530595707988244	2.288595238244335	1.055752431561315
0	4.0	3.4	0	0.5364194535677826	2.4215101192399713	1.0518860877434888
0	5.0	3.4	0	0.5364194535677826	2.4215101192399713	1.0518860877434888
0	6.0	3.4	0	0.5932501861141188	2.5138282879980505	1.0392970021472454
0	7.0	3.4	0	0.5932501861141188	2.5138282879980505	1.0392970021472454
0	8.0	3.4	0	0.5932501861141188	2.5138282879980505	1.0392970021472454
0	9.0	3.4	0	0.6562204270733841	2.570463153531365	1.0386950905980705
0	10.0	3.4	0	0.6562204270733841	2.570463153531365	1.0386950905980705
0	10.0	3.5	0	0.6562204270733841	2.570463153531365	1.0386950905980705
0	9.0	3.5	0	0.2831119629356942	2.056489793405868	1.2477825949872465
0	8.0	3.5	0	0.4255896390302358	2.3464056927838204	1.0848327566615716
0	7.0	3.5	0	0.5032582667933281	2.4498038714059085	1.0534094268414023
0	6.0	3.5	0	0.5573973085854986	2.5445038503381645	1.0462240673722465
0	5.0	3.5	0	0.5573973085854986	2.5445038503381645	1.0462240673722465
0	4.0	3.5	0	0.611780146524951	2.603014017645058	1.0324643108137743
0	3.0	3.5	0	0.611780146524951	2.603014017645058	1.0324643108137743
0	2.0	3.5	0	0.611780146524951	2.603014017645058	1.0324643108137743
0	1.0	3.5	0	0.6717035254691565	2.642035773654306	1.036662726450888
0	0.0	3.5	0	0.6717035254691565	2.642035773654306	1.036662726450888
0	0.0	3.6	0	0.6717035254691565	2.642035773654306	1.036662726450888
0	1.0	3.6	0	0.28289525042484676	2.0569712801676454	1.2478971712159141
0	2.0	3.6	0	0.42532598123146165	2.3468836998194944	1.0842905006591672
0	3.0	3.6	0	0.5020786540528064	2.4508796275968776	1.0529278855072148
0	4.0	3.6	0	0.5558113913517311	2.5460397138452815	1.0462134980217632
0	5.0	3.6	0	0.5558113913517311	2.5460397138452815	1.0462134980217632
0	6.0	3.6	0	0.6107246355151998	2.603868373132079	1.0326246218465516
0	7.0	3.6	0	0.6107246355151998	2.603868373132079	1.0326246218465516
0	8.0	3.6	0	0.6107246355151998	2.603868373132079	1.0326246218465516
0	9.0	3.6	0	0.6685389274795555	2.6450699549835908	1.036376055035964
0	10.0	3.6	0	0.6685389274795555	2.6450699549835908	1.036376055035964
0	10.0	3.7	0	0.6685389274795555	2.6450699549835908	1.036376055035964
0	9.0	3.7	0	0.28289596524677607	2.0564099190199783	1.2446188381543923
0	8.0	3.7	0	0.36956862250693545	2.1206179211497176	1.0378984230020456
0	7.0	3.7	0	0.4749490064127171	2.2892524529875184	1.055381539042651
0	6.0	3.7	0	0.5361323418850503	2.422036263485363	1.0516295580846635
0	5.0	3.7	0	0.5361323418850503	2.422036263485363	1.0516295580846635
0	4.0	3.7	0	0.5929483584887452	2.5143368888177062	1.0392284341277196
0	3.0	3.7	0	0.5929483584887452	2.5143368888177062	1.0392284341277196
0	2.0	3.7	0	0.5929483584887452	2.5143368888177062	1.0392284341277196
0	1.0	3.7	0	0.6561218228685138	2.5706798850543455	1.0387131327237173
0	0.0	3.7	0	0.6561218228685138	2.5706798850543455	1.0387131327237173
0	0.0	3.8	0	0.6561218228685138	2.5706798850543455	1.0387131327237173
0	1.0	3.8	0	0.28311702763518404	2.056436878703027	1.2474929999332212
0	2.0	3.8	0	0.42558164170266377	2.346489223846667	1.0847030983699977
0	3.0	3.8	0	0.5032178534801548	2.4498725245937347	1.0532406888095776
0	4.0	3.8	0	0.5573133909846105	2.5446320789470787	1.0461450044722314
0	5.0	3.8	0	0.5573133909846105	2.5446320789470787	1.0461450044722314
0	6.0	3.8	0	0.6117237222823402	2.603107035589866	1.0324345481717734
0	7.0	3.8	0	0.6117237222823402	2.603107035589866	1.0324345481717734
0	8.0	3.8	0	0.6117237222823402	2.603107035589866	1.0324345481717734
0	9.0	3.8	0	0.6712279816837544	2.6425506919834842	1.0365285630024597
0	10.0	3.8	0	0.6712279816837544	2.6425506919834842	1.0365285630024597
0	10.0	3.9	0	0.6712279816837544	2.6425506919834842	1.0365285630024597
0	9.0	3.9	0	0.28289689961960357	2.056783991340301	1.2471687556810265
0	8.0	3.9	0	0.36970103967547285	2.119310164457635	1.0369885116281263
0	7.0	3.9	0	0.47521224508186566	2.288642443296906	1.0555480311435348
0	6.0	3.9	0	0.5362575866183794	2.4216296979686134	1.0517010811137548
0	5.0	3.9	0	0.5362575866183794	2.4216296979686134	1.0517010811137548
0	4.0	3.9	0	0.5931162573261417	2.513965012365988	1.0392667473963884
0	3.0	3.9	0	0.5931162573261417	2.513965012365988	1.0392667473963884
0	2.0	3.9	0	0.5931162573261417	2.513965012365988	1.0392667473963884
0	1.0	3.9	0	0.6557187455284408	2.57096441876832	1.0385639161150966
0	0.0	3.9	0	0.6557187455284408	2.57096441876832	1.0385639161150966
0	0.0	4.0	0	0.6557187455284408	2.57096441876832	1.0385639161150966
0	1.0	4.0	0	0.28307473382827647	2.056384906717545	1.2470582984551688
0	2.0	4.0	0	0.36994247218131066	2.1187647176457487	1.0373813139492765
0	3.0	4.0	0	0.4762432106531543	2.287719582860326	1.0562337683741225
0	4.0	4.0	0	0.5377373377663482	2.4201640003479765	1.052035482704333
0	5.0	4.0	0	0.5377373377663482	2.4201640003479765	1.052035482704333
0	6.0	4.0	0	0.5939967562279499	2.513076581944267	1.039051197552764
0	7.0	4.0	0	0.5939967562279499	2.513076581944267	1.039051197552764
0	8.0	4.0	0	0.5939967562279499	2.513076581944267	1.039051197552764
0	9.0	4.0	0	0.6586479425689599	2.56800632180446	1.0388686337172288
0	10.0	4.0	0	0.6586479425689599	2.56800632180446	1.0388686337172288
0	10.0	4.1	0	0.6586479425689599	2.56800632180446	1.0388686337172288
0	9.0	4.1	0	0.2830865738964206	2.0568613209260564	1.250168811353008
0	8.0	4.1	0	0.42643374312005144	2.3452945621651993	1.084615839106123
0	7.0	4.1	0	0.5036655895270432	2.4491850455007573	1.053411201755209
0	6.0	4.1	0	0.5574142994023519	2.544314530006517	1.0460900998829052
0	5.0	4.1	0	0.5574142994023519	2.544314530006517	1.0460900998829052
0	4.0	4.1	0	0.6118600541855127	2.602876301687412	1.032521314429676
0	3.0	4.1	0	0.6118600541855127	2.602876301687412	1.032521314429676
0	2.0	4.1	0	0.6118600541855127	2.602876301687412	1.032521314429676
0	1.0	4.1	0	0.6712071910160007	2.642506396022895	1.0364988334798733
0	0.0	4.1	0	0.6712071910160007	2.642506396022895	1.0364988334798733
0	0.0	4.2	0	0.6712071910160007	2.642506396022895	1.0364988334798733
0	1.0	4.2	0	0.28284605460481166	2.056888244438345	1.2472910679499234
0	2.0	4.2	0	0.3696371404049753	2.1193561918068227	1.0370604271560075
0	3.0	4.2	0	0.47514995089316536	2.288722262995946	1.0556650024390133
0	4.0	4.2	0	0.536199756943828	2.421689130302778	1.051804612425541
0	5.0	4.2	0	0.536199756943828	2.421689130302778	1.051804612425541
0	6.0	4.2	0	0.5929972477015247	2.5140410738841292	1.0392663101725204
0	7.0	4.2	0	0.5929972477015247	2.5140410738841292	1.0392663101725204
0	8.0	4.2	0	0.5929972477015247	2.5140410738841292	1.0392663101725204
0	9.0	4.2	0	0.6560002055103956	2.5706355650426818	1.0387104522959654
0	10.0	4.2	0	0.6560002055103956	2.5706355650426818	1.0387104522959654
0	10.0	4.3	0	0.6560002055103956	2.5706355650426818	1.0387104522959654
0	9.0	4.3	0	0.2830754550693483	2.056505844828398	1.247537644634308
0	8.0	4.3	0	0.42546956802110575	2.346536780005602	1.0847786977964484
0	7.0	4.3	0	0.5030978650069606	2.449944463385366	1.0533428351171266
0	6.0	4.3	0	0.557195331131466	2.544675632780811	1.0461842925254503
0	5.0	4.3	0	0.557195331131466	2.544675632780811	1.0461842925254503
0	4.0	4.3	0	0.6115391270454615	2.6032160072672204	1.0324530373405139
0	3.0	4.3	0	0.6115391270454615	2.6032160072672204	1.0324530373405139
0	2.0	4.3	0	0.6115391270454615	2.6032160072672204	1.0324530373405139
0	1.0	4.3	0	0.671523456745458	2.6421548705550872	1.036677912955183
0	0.0	4.3	0	0.671523456745458	2.6421548705550872	1.036677912955183
0	0.0	4.4	0	0.671523456745458	2.6421548705550872	1.036677912955183
0	1.0	4.4	0	0.2828634238335176	2.0570036643763334	1.2477422078914036
0	2.0	4.4	0	0.4252252246226511	2.3469610198725106	1.0842524086841718
0	3.0	4.4	0	0.5019503871694243	2.450961135337894	1.0528577066761797
0	4.0	4.4	0	0.55563379607154	2.5461766635714076	1.0461839145600675
0	5.0	4.4	0	0.55563379607154	2.5461766635714076	1.0461839145600675
0	6.0	4.4	0	0.6105200576977331	2.60402179863774	1.0326028509361476
0	7.0	4.4	0	0.6105200576977331	2.60402179863774	1.0326028509361476
0	8.0	4.4	0	0.6105200576977331	2.60402179863774	1.0326028509361476
0	9.0	4.4	0	0.6683634306276748	2.645180899891454	1.0363739446429958
0	10.0	4.4	0	0.6683634306276748	2.645180899891454	1.0363739446429958
0	10.0	4.5	0	0.6683634306276748	2.645180899891454	1.0363739446429958
0	9.0	4.5	0	0.2828658920383056	2.0564538253158218	1.244478347346848
0	8.0	4.5	0	0.36952090437302976	2.120734354126107	1.037876230039764
0	7.0	4.5	0	0.47484992554245053	2.2893601255800435	1.0553137132172246
0	6.0	4.5	0	0.535992089900447	2.4221726560805052	1.051570917356636
0	5.0	4.5	0	0.535992089900447	2.4221726560805052	1.051570917356636
0	4.0	4.5	0	0.592788383746266	2.5144861197972865	1.0391989513847837
0	3.0	4.5	0	0.592788383746266	2.5144861197972865	1.0391989513847837
0	2.0	4.5	0	0.592788383746266	2.5144861197972865	1.0391989513847837
0	1.0	4.5	0	0.6559961107688204	2.570786900038959	1.0387211133030325
0	0.0	4.5	0	0.6559961107688204	2.570786900038959	1.0387211133030325
0	0.0	4.6	0	0.6559961107688204	2.570786900038959	1.0387211133030325
0	1.0	4.6	0	0.2830878600380606	2.0564772280051336	1.2473957030200902
0	2.0	4.6	0	0.42549613012665194	2.34655512181903	1.0846615171452616
0	3.0	4.6	0	0.5031034143016053	2.4499565546427178	1.0531994897580044
0	4.0	4.6	0	0.5571766993746979	2.544734036707192	1.0461183857771663
0	5.0	4.6	0	0.5571766993746979	2.544734036707192	1.0461183857771663
0	6.0	4.6	0	0.6115759402297924	2.603210552765074	1.0324085383679467
0	7.0	4.6	0	0.6115759402297924	2.603210552765074	1.0324085383679467
0	8.0	4.6	0	0.6115759402297924	2.603210552765074	1.0324085383679467
0	9.0	4.6	0	0.6710897265329895	2.642648778703324	1.036549004232999
0	10.0	4.6	0	0.6710897265329895	2.642648778703324	1.036549004232999
0	10.0	4.7	0	0.6710897265329895	2.642648778703324	1.036549004232999
0	9.0	4.7	0	0.28287308937838473	2.056808360541459	1.247037901777734
0	8.0	4.7	0	0.36966655585789526	2.119394537783987	1.0369921432365443
0	7.0	4.7	0	0.4751294900465131	2.2887221361408443	1.0555048826949676
0	6.0	4.7	0	0.536141410968885	2.421741887983155	1.0516799420031606
0	5.0	4.7	0	0.536141410968885	2.421741887983155	1.0516799420031606
0	4.0	4.7	0	0.5929907861377484	2.514074076600271	1.0392507975369747
0	3.0	4.7	0	0.5929907861377484	2.514074076600271	1.0392507975369747
0	2.0	4.7	0	0.5929907861377484	2.514074076600271	1.0392507975369747
0	1.0	4.7	0	0.6556088500606374	2.571053454827957	1.0385719543531668
0	0.0	4.7	0	0.6556088500606374	2.571053454827957	1.0385719543531668
0	0.0	4.8	0	0.6556088500606374	2.571053454827957	1.0385719543531668
0	1.0	4.8	0	0.28305899352654734	2.056383214169601	1.2469236013323286
0	2.0	4.8	0	0.36992027965681795	2.118841794589639	1.0373893396040152
0	3.0	4.8	0	0.4761745912713417	2.2877858452202835	1.0561880976632099
0	4.0	4.8	0	0.5376349637351331	2.420261804324991	1.0520060423007627
0	5.0	4.8	0	0.5376349637351331	2.420261804324991	1.0520060423007627
0	6.0	4.8	0	0.5938782683403743	2.513186986697652	1.03904614545003
0	7.0	4.8	0	0.5938782683403743	2.513186986697652	1.03904614545003
0	8.0	4.8	0	0.5938782683403743	2.513186986697652	1.03904614545003
0	9.0	4.8	0	0.6585441553668128	2.5680937294226234	1.0388780162756412
0	10.0	4.8	0	0.6585441553668128	2.5680937294226234	1.0388780162756412
0	10.0	4.9	0	0.6585441553668128	2.5680937294226234	1.0388780162756412
0	9.0	4.9	0	0.2830743964066645	2.05685824459736	1.2500482664729384
0	8.0	4.9	0	0.4263815696396959	2.345347503036271	1.0845824002131603
0	7.0	4.9	0	0.5035900649872611	2.449249902505467	1.0533801357489532
0	6.0	4.9	0	0.5573258930546663	2.544394970825945	1.0460897127562685
0	5.0	4.9	0	0.5573258930546663	2.544394970825945	1.0460897127562685
0	4.0	4.9	0	0.6117563266570467	2.602954971147461	1.0325015545856062
0	3.0	4.9	0	0.6117563266570467	2.602954971147461	1.0325015545856062
0	2.0	4.9	0	0.6117563266570467	2.602954971147461	1.0325015545856062
0	1.0	4.9	0	0.6711149435836091	2.6425759724839546	1.0365168986311535
0	0.0	4.9	0	0.6711149435836091	2.6425759724839546	1.0365168986311535
0	0.0	5.0	0	0.6711149435836091	2.6425759724839546	1.0365168986311535
0	1.0	5.0	0	0.2828289743778817	2.0569134860292593	1.2472283993093503
0	2.0	5.0	0	0.3696114591122187	2.1194010760852438	1.0370274706771938
0	3.0	5.0	0	0.4751013877923916	2.288768894748649	1.0556198369005954
0	4.0	5.0	0	0.5361229816227281	2.4217683961319185	1.0517852297384611
0	5.0	5.0	0	0.5361229816227281	2.4217683961319185	1.0517852297384611
0	6.0	5.0	0	0.5929078473199971	2.514132014406149	1.0392740097861217
0	7.0	5.0	0	0.5929078473199971	2.514132014406149	1.0392740097861217
0	8.0	5.0	0	0.5929078473199971	2.514132014406149	1.0392740097861217
0	9.0	5.0	0	0.6559314145164625	2.5706880426141057	1.0387064509313704
0	10.0	5.0	0	0.6559314145164625	2.5706880426141057	1.0387064509313704
0	10.0	5.1	0	0.6559314145164625	2.5706880426141057	1.0387064509313704
0	9.0	5.1	0	0.28306154854928794	2.0565102294043878	1.247453643746179
0	8.0	5.1	0	0.42542258825136126	2.346589995284882	1.0847647569925698
0	7.0	5.1	0	0.5030431177027366	2.4499966613568094	1.0533273331582924
0	6.0	5.1	0	0.5571380645509345	2.544725988934174	1.0461773002440031
0	5.0	5.1	0	0.5571380645509345	2.544725988934174	1.0461773002440031
0	4.0	5.1	0	0.6114715485338817	2.6032659481149727	1.0324326690654841
0	3.0	5.1	0	0.6114715485338817	2.6032659481149727	1.0324326690654841
0	2.0	5.1	0	0.6114715485338817	2.6032659481149727	1.0324326690654841
0	1.0	5.1	0	0.6714482124996521	2.6422183544811317	1.036689228957765
0	0.0	5.1	0	0.6714482124996521	2.6422183544811317	1.036689228957765
0	0.0	5.2	0	0.6714482124996521	2.6422183544811317	1.036689228957765
0	1.0	5.2	0	0.2828586183622129	2.0569958681691265	1.2476497636913315
0	2.0	5.2	0	0.42520292619970285	2.34698925807728	1.0842226885812662
0	3.0	5.2	0	0.5019011425181431	2.4510115591994666	1.052849726266416
0	4.0	5.2	0	0.5555824343415625	2.5462245040944222	1.0461840951791275
0	5.0	5.2	0	0.5555824343415625	2.5462245040944222	1.0461840951791275
0	6.0	5.2	0	0.6104569117991279	2.6040709089676337	1.0325907225983335
0	7.0	5.2	0	0.6104569117991279	2.6040709089676337	1.0325907225983335
0	8.0	5.2	0	0.6104569117991279	2.6040709089676337	1.0325907225983335
0	9.0	5.2	0	0.668303149608669	2.6452274824818227	1.0363815627952522
0	10.0	5.2	0	0.668303149608669	2.6452274824818227	1.0363815627952522
0	10.0	5.3	0	0.668303149608669	2.6452274824818227	1.0363815627952522
0	9.0	5.3	0	0.28285913337563745	2.05643303048992	1.244379404212637
0	8.0	5.3	0	0.36951263707334947	2.120793547498234	1.0378867424527864
0	7.0	5.3	0	0.47481823824880554	2.2894078703340397	1.0552972427073697
0	6.0	5.3	0	0.5359426369440978	2.422231519281533	1.0515600627872286
0	5.0	5.3	0	0.5359426369440978	2.422231519281533	1.0515600627872286
0	4.0	5.3	0	0.5927302567022802	2.5145412244480907	1.0391787053834367
0	3.0	5.3	0	0.5927302567022802	2.5145412244480907	1.0391787053834367
0	2.0	5.3	0	0.5927302567022802	2.5145412244480907	1.0391787053834367
0	1.0	5.3	0	0.6559440195558693	2.570836720360384	1.0387229696778717
0	0.0	5.3	0	0.6559440195558693	2.570836720360384	1.0387229696778717
0	0.0	5.4	0	0.6559440195558693	2.570836720360384	1.0387229696778717
0	1.0	5.4	0	0.28308191851900244	2.056475440832465	1.2473231906544406
0	2.0	5.4	0	0.4254748046084418	2.3465755400740926	1.0846412488870885
0	3.0	5.4	0	0.5030658982582706	2.4499896852518295	1.0531889491434243
0	4.0	5.4	0	0.5571361916041517	2.5447663398454985	1.0461098106428015
0	5.0	5.4	0	0.5571361916041517	2.5447663398454985	1.0461098106428015
0	6.0	5.4	0	0.6115184284857305	2.6032583348953633	1.0324041799651202
0	7.0	5.4	0	0.6115184284857305	2.6032583348953633	1.0324041799651202
0	8.0	5.4	0	0.6115184284857305	2.6032583348953633	1.0324041799651202
0	9.0	5.4	0	0.6710473018989189	2.642675858633273	1.0365501213831052
0	10.0	5.4	0	0.6710473018989189	2.642675858633273	1.0365501213831052
0	10.0	5.5	0	0.6710473018989189	2.642675858633273	1.0365501213831052
0	9.0	5.5	0	0.28286775218635424	2.056821686752772	1.2469979204927022
0	8.0	5.5	0	0.36965295578008306	2.119416156410775	1.0369714276242281
0	7.0	5.5	0	0.47510671278465233	2.288738345911939	1.0554691075488736
0	6.0	5.5	0	0.5361057103702822	2.42177543031489	1.0516587556054564
0	5.0	5.5	0	0.5361057103702822	2.42177543031489	1.0516587556054564
0	4.0	5.5	0	0.5929425718067377	2.5141219126025898	1.0392458591228957
0	3.0	5.5	0	0.5929425718067377	2.5141219126025898	1.0392458591228957
0	2.0	5.5	0	0.5929425718067377	2.5141219126025898	1.0392458591228957
0	1.0	5.5	0	0.6555731778516749	2.5710816948846795	1.0385680477208383
0	0.0	5.5	0	0.6555731778516749	2.5710816948846795	1.0385680477208383
0	0.0	5.6	0	0.6555731778516749	2.5710816948846795	1.0385680477208383
0	1.0	5.6	0	0.28305623945317	2.0563915041709846	1.2468939108685644
0	2.0	5.6	0	0.3699110019149464	2.1188524549754355	1.0373865689909152
0	3.0	5.6	0	0.4761574657831945	2.2877927048351947	1.0561690752695576
0	4.0	5.6	0	0.5376144967234304	2.420271258357444	1.0519847649875442
0	5.0	5.6	0	0.5376144967234304	2.420271258357444	1.0519847649875442
0	6.0	5.6	0	0.5938460893317946	2.5132149675970017	1.0390426668807982
0	7.0	5.6	0	0.5938460893317946	2.5132149675970017	1.0390426668807982
0	8.0	5.6	0	0.5938460893317946	2.5132149675970017	1.0390426668807982
0	9.0	5.6	0	0.6585112709029578	2.568121476729545	1.038879404487847
0	10.0	5.6	0	0.6585112709029578	2.568121476729545	1.038879404487847
0	10.0	5.7	0	0.6585112709029578	2.568121476729545	1.038879404487847
0	9.0	5.7	0	0.2830695954802221	2.0568665450348207	1.2500053307910104
0	8.0	5.7	0	0.42635552503199037	2.345388253738196	1.0845894646802434
0	7.0	5.7	0	0.5035666850916448	2.4492735915043253	1.05336335763704
0	6.0	5.7	0	0.5572986624468548	2.544417215978855	1.04606910941797
0	5.0	5.7	0	0.5572986624468548	2.544417215978855	1.04606910941797
0	4.0	5.7	0	0.6117200939725298	2.602994222002432	1.0325084629809145
0	3.0	5.7	0	0.6117200939725298	2.602994222002432	1.0325084629809145
0	2.0	5.7	0	0.6117200939725298	2.602994222002432	1.0325084629809145
0	1.0	5.7	0	0.6710845830625929	2.6425980585407483	1.0365081295420158
0	0.0	5.7	0	0.6710845830625929	2.6425980585407483	1.0365081295420158
0	0.0	5.8	0	0.6710845830625929	2.6425980585407483	1.0365081295420158
0	1.0	5.8	0	0.28282726922099605	2.0569009748321494	1.2471852312270941
0	2.0	5.8	0	0.3696089784806789	2.119418402852358	1.0370349003097863
0	3.0	5.8	0	0.4750893478504969	2.2887746026372326	1.0555999325461476
0	4.0	5.8	0	0.5361081691606521	2.4217755930680864	1.0517629314388193
0	5.0	5.8	0	0.5361081691606521	2.4217755930680864	1.0517629314388193
0	6.0	5.8	0	0.5928796098335297	2.514157263346357	1.039264154633147
0	7.0	5.8	0	0.5928796098335297	2.514157263346357	1.039264154633147
0	8.0	5.8	0	0.5928796098335297	2.514157263346357	1.039264154633147
0	9.0	5.8	0	0.6559064737179072	2.5707118998553677	1.0387109522112667
0	10.0	5.8	0	0.6559064737179072	2.5707118998553677	1.0387109522112667
0	10.0	5.9	0	0.6559064737179072	2.5707118998553677	1.0387109522112667
0	9.0	5.9	0	0.28305033992364376	2.0565372842487326	1.2474532669312286
0	8.0	5.9	0	0.4254034058971833	2.3466039476036085	1.084752258797259
0	7.0	5.9	0	0.5030221851809076	2.4500134932005473	1.0533184632763675
0	6.0	5.9	0	0.5571040494348287	2.5447588897283424	1.0461834377743708
0	5.0	5.9	0	0.5571040494348287	2.5447588897283424	1.0461834377743708
0	4.0	5.9	0	0.6114308238166327	2.603297603578359	1.032429121430792
0	3.0	5.9	0	0.6114308238166327	2.603297603578359	1.032429121430792
0	2.0	5.9	0	0.6114308238166327	2.603297603578359	1.032429121430792
0	1.0	5.9	0	0.6714251602403447	2.6422295466524672	1.0366940676089378
0	0.0	5.9	0	0.6714251602403447	2.6422295466524672	1.0366940676089378
0	0.0	6.0	0	0.6714251602403447	2.6422295466524672	1.0366940676089378
0	1.0	6.0	0	0.2828547951312985	2.0569907030400296	1.2476129902355177
0	2.0	6.0	0	0.4251918761658504	2.3470210225694803	1.084216433588991
0	3.0	6.0	0	0.5018868818867134	2.4510375181459487	1.052839789249726
0	4.0	6.0	0	0.5555647414419328	2.546246775426579	1.0461699390575012
0	5.0	6.0	0	0.5555647414419328	2.546246775426579	1.0461699390575012
0	6.0	6.0	0	0.6104363697114057	2.6040912949483457	1.0325737966384119
0	7.0	6.0	0	0.6104363697114057	2.6040912949483457	1.0325737966384119
0	8.0	6.0	0	0.6104363697114057	2.6040912949483457	1.0325737966384119
0	9.0	6.0	0	0.6682874210320953	2.6452444914805024	1.0363812812134492
0	10.0	6.0	0	0.6682874210320953	2.6452444914805024	1.0363812812134492
0	10.0	6.1	0	0.6682874210320953	2.6452444914805024	1.0363812812134492
0	9.0	6.1	0	0.2828567823989588	2.056448361501242	1.24437216292897
0	8.0	6.1	0	0.36950038938957896	2.120803925924717	1.0378943876149458
0	7.0	6.1	0	0.4747979966350067	2.289416369813013	1.0552879551139387
0	6.0	6.1	0	0.5359211395188329	2.4222427086227922	1.0515522525408398
0	5.0	6.1	0	0.5359211395188329	2.4222427086227922	1.0515522525408398
0	4.0	6.1	0	0.5927134975308699	2.5145539076917456	1.0391883254467953
0	3.0	6.1	0	0.5927134975308699	2.5145539076917456	1.0391883254467953
0	2.0	6.1	0	0.5927134975308699	2.5145539076917456	1.0391883254467953
0	1.0	6.1	0	0.6559239721602736	2.570850727097098	1.0387277845912262
0	0.0	6.1	0	0.6559239721602736	2.570850727097098	1.0387277845912262
0	0.0	6.2	0	0.6559239721602736	2.570850727097098	1.0387277845912262
0	1.0	6.2	0	0.28307520710106765	2.0564957426387074	1.2473452068884237
0	2.0	6.2	0	0.4254663009834022	2.346586749646502	1.084636250513889
0	3.0	6.2	0	0.5030563186971485	2.4500006933925444	1.0531848539717776
0	4.0	6.2	0	0.5571233180107067	2.544777276932879	1.0461021441342726
0	5.0	6.2	0	0.5571233180107067	2.544777276932879	1.0461021441342726
0	6.0	6.2	0	0.6115084037645673	2.6032688634812624	1.0324068641757882
0	7.0	6.2	0	0.6115084037645673	2.6032688634812624	1.0324068641757882
0	8.0	6.2	0	0.6115084037645673	2.6032688634812624	1.0324068641757882
0	9.0	6.2	0	0.6710212873801036	2.6427030293364204	1.036553433394278
0	10.0	6.2	0	0.6710212873801036	2.6427030293364204	1.036553433394278
0	10.0	6.3	0	0.6710212873801036	2.6427030293364204	1.036553433394278
0	9.0	6.3	0	0.2828678141441582	2.056812393754211	1.2469662100087322
0	8.0	6.3	0	0.36965035147574793	2.1194245024584584	1.0369805539855634
0	7.0	6.3	0	0.47509583763537033	2.2887391046506114	1.055455043342512
0	6.0	6.3	0	0.5360937552375772	2.4217794844480456	1.0516464626217676
0	5.0	6.3	0	0.5360937552375772	2.4217794844480456	1.0516464626217676
0	4.0	6.3	0	0.5929329283707332	2.5141288269477897	1.0392467101195635
0	3.0	6.3	0	0.5929329283707332	2.5141288269477897	1.0392467101195635
0	2.0	6.3	0	0.5929329283707332	2.5141288269477897	1.0392467101195635
0	1.0	6.3	0	0.6555616479024104	2.571089214222665	1.0385659212437361
0	0.0	6.3	0	0.6555616479024104	2.571089214222665	1.0385659212437361
0	0.0	6.4	0	0.6555616479024104	2.571089214222665	1.0385659212437361
0	1.0	6.4	0	0.283046281204329	2.0564003413991796	1.2468944254538465
0	2.0	6.4	0	0.36989907537115463	2.1188632818402096	1.0373900475187618
0	3.0	6.4	0	0.47614203156163826	2.287805479930993	1.056169443700692
0	4.0	6.4	0	0.5375977379018033	2.4202847570588824	1.0519858809717462
0	5.0	6.4	0	0.5375977379018033	2.4202847570588824	1.0519858809717462
0	6.0	6.4	0	0.5938362353604448	2.51321361165116	1.0390255925675165
0	7.0	6.4	0	0.5938362353604448	2.51321361165116	1.0390255925675165
0	8.0	6.4	0	0.5938362353604448	2.51321361165116	1.0390255925675165
0	9.0	6.4	0	0.6585033128444756	2.568124370852592	1.0388758811965906
0	10.0	6.4	0	0.6585033128444756	2.568124370852592	1.0388758811965906
0	10.0	6.5	0	0.6585033128444756	2.568124370852592	1.0388758811965906
0	9.0	6.5	0	0.283066779493913	2.056867827008034	1.249996042500362
0	8.0	6.5	0	0.4263485525510191	2.345390223447417	1.0845701552646831
0	7.0	6.5	0	0.5035512631810354	2.449290706472683	1.053365808618238
0	6.0	6.5	0	0.5572838794259048	2.5444334115321237	1.0460777362440383
0	5.0	6.5	0	0.5572838794259048	2.5444334115321237	1.0460777362440383
0	4.0	6.5	0	0.6117008695700251	2.603007450873644	1.032503496211088
0	3.0	6.5	0	0.6117008695700251	2.603007450873644	1.032503496211088
0	2.0	6.5	0	0.6117008695700251	2.603007450873644	1.032503496211088
0	1.0	6.5	0	0.6710708793501764	2.6426074067260963	1.0365147455469532
0	0.0	6.5	0	0.6710708793501764	2.6426074067260963	1.0365147455469532
0	0.0	6.6	0	0.6710708793501764	2.6426074067260963	1.0365147455469532
0	1.0	6.6	0	0.2828284651026636	2.0569003258593366	1.2471736664371733
0	2.0	6.6	0	0.36960344482520824	2.1194122444978403	1.0370475626999986
0	3.0	6.6	0	0.4750768994359052	2.2887678128970474	1.055594275646069
0	4.0	6.6	0	0.536095490857988	2.4217733855219237	1.0517586725516803
0	5.0	6.6	0	0.536095490857988	2.4217733855219237	1.0517586725516803
0	6.0	6.6	0	0.5928684963053633	2.514157939913817	1.0392659807957327
0	7.0	6.6	0	0.5928684963053633	2.514157939913817	1.0392659807957327
0	8.0	6.6	0	0.5928684963053633	2.514157939913817	1.0392659807957327
0	9.0	6.6	0	0.6558943239294508	2.5707148600060052	1.0387118280068766
0	10.0	6.6	0	0.6558943239294508	2.5707148600060052	1.0387118280068766
0	10.0	6.7	0	0.6558943239294508	2.5707148600060052	1.0387118280068766
0	9.0	6.7	0	0.2830498678053623	2.0565328968508823	1.2474367716446084
0	8.0	6.7	0	0.42540183563495587	2.3466173979766505	1.084751766434349
0	7.0	6.7	0	0.50301560385816	2.450021471155807	1.0533041377240049
0	6.0	6.7	0	0.5570996567806286	2.5447664357764506	1.0461771737031011
0	5.0	6.7	0	0.5570996567806286	2.5447664357764506	1.0461771737031011
0	4.0	6.7	0	0.6114300538352343	2.6033040782369805	1.0324338316682908
0	3.0	6.7	0	0.6114300538352343	2.6033040782369805	1.0324338316682908
0	2.0	6.7	0	0.6114300538352343	2.6033040782369805	1.0324338316682908
0	1.0	6.7	0	0.6714240148556918	2.6422347774927326	1.036698396225836
0	0.0	6.7	0	0.6714240148556918	2.6422347774927326	1.036698396225836
0	0.0	6.8	0	0.6714240148556918	2.6422347774927326	1.036698396225836
0	1.0	6.8	0	0.2828533649361895	2.057014236113966	1.2476263712516582
0	2.0	6.8	0	0.4251804855621837	2.3470284949621507	1.0842118866727306
0	3.0	6.8	0	0.501884868946526	2.4510356475628043	1.0528249951998954
0	4.0	6.8	0	0.5555519089775192	2.5462622354094746	1.0461721271500077
0	5.0	6.8	0	0.5555519089775192	2.5462622354094746	1.0461721271500077
0	6.0	6.8	0	0.6104259953459772	2.604105049689086	1.0325854734283546
0	7.0	6.8	0	0.6104259953459772	2.604105049689086	1.0325854734283546
0	8.0	6.8	0	0.6104259953459772	2.604105049689086	1.0325854734283546
0	9.0	6.8	0	0.6682747144320957	2.645257731918873	1.0363895819378879
0	10.0	6.8	0	0.6682747144320957	2.645257731918873	1.0363895819378879
0	10.0	6.9	0	0.6682747144320957	2.645257731918873	1.0363895819378879
0	9.0	6.9	0	0.282857043117168	2.0564459143419676	1.2443554458307773
0	8.0	6.9	0	0.36950314877767076	2.1208122707845045	1.0378866358704804
0	7.0	6.9	0	0.474800616240824	2.2894204477873785	1.0552791454554182
0	6.0	6.9	0	0.5359236184855051	2.4222459324733707	1.0515449150321927
0	5.0	6.9	0	0.5359236184855051	2.4222459324733707	1.0515449150321927
0	4.0	6.9	0	0.5927021442394123	2.514570997937769	1.0391840316486298
0	3.0	6.9	0	0.5927021442394123	2.514570997937769	1.0391840316486298
0	2.0	6.9	0	0.5927021442394123	2.514570997937769	1.0391840316486298
0	1.0	6.9	0	0.655916671150282	2.570862798988174	1.0387307077966335
0	0.0	6.9	0	0.655916671150282	2.570862798988174	1.0387307077966335
0	0.0	7.0	0	0.655916671150282	2.570862798988174	1.0387307077966335
0	1.0	7.0	0	0.2830734775009955	2.056491614278428	1.24732359722896
0	2.0	7.0	0	0.4254607059963423	2.3465835823102985	1.0846360526551027
0	3.0	7.0	0	0.5030499851546864	2.4499997465372574	1.0531845338007029
0	4.0	7.0	0	0.5571165523176249	2.544777750929206	1.046101754506826
0	5.0	7.0	0	0.5571165523176249	2.544777750929206	1.046101754506826
0	6.0	7.0	0	0.6114997132299772	2.6032706584297247	1.0324025711747353
0	7.0	7.0	0	0.6114997132299772	2.6032706584297247	1.0324025711747353
0	8.0	7.0	0	0.6114997132299772	2.6032706584297247	1.0324025711747353
0	9.0	7.0	0	0.671022549984542	2.642690488360843	1.0365370416535182
0	10.0	7.0	0	0.671022549984542	2.642690488360843	1.0365370416535182
0	10.0	7.1	0	0.671022549984542	2.642690488360843	1.0365370416535182
0	9.0	7.1	0	0.2828641959328145	2.056804155606427	1.2469554731509744
0	8.0	7.1	0	0.3696478082582446	2.1194310533763887	1.0369773862824878
0	7.0	7.1	0	0.4750887824631755	2.288759684330052	1.0554746165359676
0	6.0	7.1	0	0.5360839035274974	2.4217957303887845	1.0516597159816714
0	5.0	7.1	0	0.5360839035274974	2.4217957303887845	1.0516597159816714
0	4.0	7.1	0	0.5929306144383985	2.5141268240537715	1.0392384684041638
0	3.0	7.1	0	0.5929306144383985	2.5141268240537715	1.0392384684041638
0	2.0	7.1	0	0.5929306144383985	2.5141268240537715	1.0392384684041638
0	1.0	7.1	0	0.6555593707172389	2.5710879584620288	1.0385581010107359
0	0.0	7.1	0	0.6555593707172389	2.5710879584620288	1.0385581010107359
0	0.0	7.2	0	0.6555593707172389	2.5710879584620288	1.0385581010107359
0	1.0	7.2	0	0.28304226074490013	2.0564054345188194	1.246883952126698
0	2.0	7.2	0	0.36989590008790046	2.1188769970064874	1.0373848795306175
0	3.0	7.2	0	0.4761381256305368	2.287816899679419	1.0561647422904419
0	4.0	7.2	0	0.5375932248180613	2.420294550058541	1.0519817011460963
0	5.0	7.2	0	0.5375932248180613	2.420294550058541	1.0519817011460963
0	6.0	7.2	0	0.593831190122954	2.5132221330072744	1.0390218340094926
0	7.0	7.2	0	0.593831190122954	2.5132221330072744	1.0390218340094926
0	8.0	7.2	0	0.593831190122954	2.5132221330072744	1.0390218340094926
0	9.0	7.2	0	0.6585007558269151	2.568131208525821	1.0388797857715621
0	10.0	7.2	0	0.6585007558269151	2.568131208525821	1.0388797857715621
0	10.0	7.3	0	0.6585007558269151	2.568131208525821	1.0388797857715621
0	9.0	7.3	0	0.2830593601111923	2.0568853941085763	1.2500170981908258
0	8.0	7.3	0	0.4263493013588465	2.3453811082172926	1.084579046533327
0	7.0	7.3	0	0.5035485838645177	2.4492816714863177	1.0533638445985938
0	6.0	7.3	0	0.5572787133404686	2.544426732918066	1.0460685329511874
0	5.0	7.3	0	0.5572787133404686	2.544426732918066	1.0460685329511874
0	4.0	7.3	0	0.6116971193395527	2.603005379603003	1.032503858191132
0	3.0	7.3	0	0.6116971193395527	2.603005379603003	1.032503858191132
0	2.0	7.3	0	0.6116971193395527	2.603005379603003	1.032503858191132
0	1.0	7.3	0	0.67106409787865	2.642607706238446	1.036508199380428
0	0.0	7.3	0	0.67106409787865	2.642607706238446	1.036508199380428
0	0.0	7.4	0	0.67106409787865	2.642607706238446	1.036508199380428
0	1.0	7.4	0	0.2828278280305286	2.0568969587530264	1.247164476738416
0	2.0	7.4	0	0.3696043426911638	2.119418491906016	1.0370452853769898
0	3.0	7.4	0	0.4750779928392111	2.2887718320100428	1.0555925271454432
0	4.0	7.4	0	0.5360965459306222	2.4217760721831447	1.0517567876042768
0	5.0	7.4	0	0.5360965459306222	2.4217760721831447	1.0517567876042768
0	6.0	7.4	0	0.5928685537599668	2.5141615640818573	1.0392661657901983
0	7.0	7.4	0	0.5928685537599668	2.5141615640818573	1.0392661657901983
0	8.0	7.4	0	0.5928685537599668	2.5141615640818573	1.0392661657901983
0	9.0	7.4	0	0.655890227084451	2.5707184965279124	1.0387018701304525
0	10.0	7.4	0	0.655890227084451	2.5707184965279124	1.0387018701304525
0	10.0	7.5	0	0.655890227084451	2.5707184965279124	1.0387018701304525
0	9.0	7.5	0	0.2830500923071573	2.056532141749778	1.2474366554229486
0	8.0	7.5	0	0.425399955631797	2.3466140407546536	1.0847425601693848
0	7.0	7.5	0	0.5030042442139752	2.450033029506903	1.05331506895913
0	6.0	7.5	0	0.5570966072948428	2.5447602487755723	1.0461662024612421
0	5.0	7.5	0	0.5570966072948428	2.5447602487755723	1.0461662024612421
0	4.0	7.5	0	0.6114273643028241	2.603299760349347	1.0324235285499876
0	3.0	7.5	0	0.6114273643028241	2.603299760349347	1.0324235285499876
0	2.0	7.5	0	0.6114273643028241	2.603299760349347	1.0324235285499876
0	1.0	7.5	0	0.6714197292501402	2.6422342297554113	1.0366906394717792
0	0.0	7.5	0	0.6714197292501402	2.6422342297554113	1.0366906394717792
0	0.0	7.6	0	0.6714197292501402	2.6422342297554113	1.0366906394717792
0	1.0	7.6	0	0.2828535466647881	2.0570132178275435	1.2476270099887221
0	2.0	7.6	0	0.4251806259776375	2.3470272976874056	1.0842126825040226
0	3.0	7.6	0	0.5018809846742933	2.451032509692686	1.0528132802712415
0	4.0	7.6	0	0.5555515206301384	2.546261624752451	1.0461725398186348
0	5.0	7.6	0	0.5555515206301384	2.546261624752451	1.0461725398186348
0	6.0	7.6	0	0.6104238268830142	2.6041047908752972	1.0325812637182854
0	7.0	7.6	0	0.6104238268830142	2.6041047908752972	1.0325812637182854
0	8.0	7.6	0	0.6104238268830142	2.6041047908752972	1.0325812637182854
0	9.0	7.6	0	0.6682761405730868	2.645256550458204	1.0363946424958783
0	10.0	7.6	0	0.6682761405730868	2.645256550458204	1.0363946424958783
0	10.0	7.7	0	0.6682761405730868	2.645256550458204	1.0363946424958783
0	9.0	7.7	0	0.2828525491451498	2.056452460230419	1.2443649355805286
0	8.0	7.7	0	0.36949678433545563	2.1208095663771616	1.0378953261491914
0	7.0	7.7	0	0.47479260167514703	2.289420922915356	1.0552856749358868
0	6.0	7.7	0	0.5359134745126835	2.4222470679980477	1.0515456431904053
0	5.0	7.7	0	0.5359134745126835	2.4222470679980477	1.0515456431904053
0	4.0	7.7	0	0.5926939615393052	2.514573527204806	1.039191498016596
0	3.0	7.7	0	0.5926939615393052	2.514573527204806	1.039191498016596
0	2.0	7.7	0	0.5926939615393052	2.514573527204806	1.039191498016596
0	1.0	7.7	0	0.65591619889735	2.570851944671677	1.0387232295796907
0	0.0	7.7	0	0.65591619889735	2.570851944671677	1.0387232295796907
0	0.0	7.8	0	0.65591619889735	2.570851944671677	1.0387232295796907
0	1.0	7.8	0	0.28307162193405827	2.0564878759288328	1.2473175121614941
0	2.0	7.8	0	0.42545893864133194	2.346584623022041	1.0846324496329853
0	3.0	7.8	0	0.5030484712063086	2.45000132613887	1.0531823835111613
0	4.0	7.8	0	0.5571149396557138	2.5447793339834472	1.0460999233993544
0	5.0	7.8	0	0.5571149396557138	2.5447793339834472	1.0460999233993544
0	6.0	7.8	0	0.6114979897316452	2.603272163519183	1.032400818733071
0	7.0	7.8	0	0.6114979897316452	2.603272163519183	1.032400818733071
0	8.0	7.8	0	0.6114979897316452	2.603272163519183	1.032400818733071
0	9.0	7.8	0	0.6710131712051973	2.6427065726841024	1.0365549317706673
0	10.0	7.8	0	0.6710131712051973	2.6427065726841024	1.0365549317706673
0	10.0	7.9	0	0.6710131712051973	2.6427065726841024	1.0365549317706673
0	9.0	7.9	0	0.282867264452804	2.056807029988231	1.246953997907011
0	8.0	7.9	0	0.36965054810779446	2.1194285763590637	1.0369714434088197
0	7.0	7.9	0	0.4750898926649317	2.288754067853552	1.0554626198786858
0	6.0	7.9	0	0.5360851993905151	2.421791537670354	1.0516489830456024
0	5.0	7.9	0	0.5360851993905151	2.421791537670354	1.0516489830456024
0	4.0	7.9	0	0.5929213396498211	2.514139887460447	1.039243666240967
0	3.0	7.9	0	0.5929213396498211	2.514139887460447	1.039243666240967
0	2.0	7.9	0	0.5929213396498211	2.514139887460447	1.039243666240967
0	1.0	7.9	0	0.6555541959035772	2.5710970085873956	1.0385702858640447
0	0.0	7.9	0	0.6555541959035772	2.5710970085873956	1.0385702858640447
0	0.0	8.0	0	0.6555541959035772	2.5710970085873956	1.0385702858640447
0	1.0	8.0	0	0.2830466137273104	2.0563991491996334	1.2468853017871573
0	2.0	8.0	0	0.36990049346408194	2.1188689971725374	1.0373828258446065
0	3.0	8.0	0	0.4761433080856177	2.287808209279291	1.0561612980487438
0	4.0	8.0	0	0.5375895242858327	2.420302478178159	1.0519940720787313
0	5.0	8.0	0	0.5375895242858327	2.420302478178159	1.0519940720787313
0	6.0	8.0	0	0.5938265686739049	2.5132288067728914	1.0390328612823043
0	7.0	8.0	0	0.5938265686739049	2.5132288067728914	1.0390328612823043
0	8.0	8.0	0	0.5938265686739049	2.5132288067728914	1.0390328612823043
0	9.0	8.0	0	0.6584930724778739	2.568135685388413	1.0388771670655335
0	10.0	8.0	0	0.6584930724778739	2.568135685388413	1.0388771670655335
0	10.0	8.1	0	0.6584930724778739	2.568135685388413	1.0388771670655335
0	9.0	8.1	0	0.28306702434058284	2.0568651717073343	1.2499836774675948
0	8.0	8.1	0	0.4263441177815274	2.345390799083326	1.0845897197566785
0	7.0	8.1	0	0.5035493051950984	2.449276588939187	1.0533503266796405
0	6.0	8.1	0	0.5572820578974214	2.544423913321243	1.0460641325457976
0	5.0	8.1	0	0.5572820578974214	2.544423913321243	1.0460641325457976
0	4.0	8.1	0	0.6117024240456831	2.6030023353772527	1.0325036752098264
0	3.0	8.1	0	0.6117024240456831	2.6030023353772527	1.0325036752098264
0	2.0	8.1	0	0.6117024240456831	2.6030023353772527	1.0325036752098264
0	1.0	8.1	0	0.671068238325701	2.6426066222098332	1.0365096698346563
0	0.0	8.1	0	0.671068238325701	2.6426066222098332	1.0365096698346563
0	0.0	8.2	0	0.671068238325701	2.6426066222098332	1.0365096698346563
0	1.0	8.2	0	0.2828261777596866	2.056905448333324	1.2471731387187721
0	2.0	8.2	0	0.36959947225381057	2.119411878345792	1.0370414909737604
0	3.0	8.2	0	0.47507237770486144	2.288769293807403	1.055589863473997
0	4.0	8.2	0	0.5360905862319701	2.4217757175771886	1.0517545410648912
0	5.0	8.2	0	0.5360905862319701	2.4217757175771886	1.0517545410648912
0	6.0	8.2	0	0.5928633585558629	2.5141607583920313	1.039262287446386
0	7.0	8.2	0	0.5928633585558629	2.5141607583920313	1.039262287446386
0	8.0	8.2	0	0.5928633585558629	2.5141607583920313	1.039262287446386
0	9.0	8.2	0	0.6558891840137849	2.5707180399681158	1.0387093171308965
0	10.0	8.2	0	0.6558891840137849	2.5707180399681158	1.0387093171308965
0	10.0	8.3	0	0.6558891840137849	2.5707180399681158	1.0387093171308965
0	9.0	8.3	0	0.2830505090217962	2.056532585202772	1.2474356418016919
0	8.0	8.3	0	0.42540077266879056	2.346614008155383	1.0847429502297519
0	7.0	8.3	0	0.503005112988585	2.4500328345233626	1.0533156130534953
0	6.0	8.3	0	0.5570975085353854	2.5447600029993325	1.0461668098994292
0	5.0	8.3	0	0.5570975085353854	2.5447600029993325	1.0461668098994292
0	4.0	8.3	0	0.6114181261699383	2.6033147078712178	1.0324371223928577
0	3.0	8.3	0	0.6114181261699383	2.6033147078712178	1.0324371223928577
0	2.0	8.3	0	0.6114181261699383	2.6033147078712178	1.0324371223928577
0	1.0	8.3	0	0.6714110669438063	2.6422452110393935	1.0367016169238863
0	0.0	8.3	0	0.6714110669438063	2.6422452110393935	1.0367016169238863
0	0.0	8.4	0	0.6714110669438063	2.6422452110393935	1.0367016169238863
0	1.0	8.4	0	0.28285516752615963	2.057014529005313	1.2476212578796733
0	2.0	8.4	0	0.4251830210177264	2.3470280921415596	1.0842082064810936
0	3.0	8.4	0	0.5018770505900694	2.4510454515984423	1.0528327092329506
0	4.0	8.4	0	0.555554023448284	2.5462546766047147	1.0461631446476751
0	5.0	8.4	0	0.555554023448284	2.5462546766047147	1.0461631446476751
0	6.0	8.4	0	0.6104185881651527	2.604114022542653	1.032589854783342
0	7.0	8.4	0	0.6104185881651527	2.604114022542653	1.032589854783342
0	8.0	8.4	0	0.6104185881651527	2.604114022542653	1.032589854783342
0	9.0	8.4	0	0.6682647259072917	2.645265374066796	1.0363848458499063
0	10.0	8.4	0	0.6682647259072917	2.645265374066796	1.0363848458499063
0	10.0	8.5	0	0.6682647259072917	2.645265374066796	1.0363848458499063
0	9.0	8.5	0	0.2828570592067123	2.0564419492968122	1.2443475551063772
0	8.0	8.5	0	0.3695037266297388	2.120812754019556	1.037882361952323
0	7.0	8.5	0	0.47480100649817253	2.2894198570265067	1.0552742078447528
0	6.0	8.5	0	0.535922466225251	2.4222448282919595	1.0515356023427702
0	5.0	8.5	0	0.535922466225251	2.4222448282919595	1.0515356023427702
0	4.0	8.5	0	0.5927001165293024	2.514572120132576	1.0391771690974967
0	3.0	8.5	0	0.5927001165293024	2.514572120132576	1.0391771690974967
0	2.0	8.5	0	0.5927001165293024	2.514572120132576	1.0391771690974967
0	1.0	8.5	0	0.6559133619823928	2.5708664616693992	1.038727208609758
0	0.0	8.5	0	0.6559133619823928	2.5708664616693992	1.038727208609758
0	0.0	8.6	0	0.6559133619823928	2.5708664616693992	1.038727208609758
0	1.0	8.6	0	0.28307547031923924	2.0564926212321177	1.247333090176358
0	2.0	8.6	0	0.4254616753105329	2.3465769056539743	1.0846384771312074
0	3.0	8.6	0	0.5030492305768659	2.4499934826613954	1.053180908999969
0	4.0	8.6	0	0.557114320342478	2.5447730394732946	1.0460937997256554
0	5.0	8.6	0	0.557114320342478	2.5447730394732946	1.0460937997256554
0	6.0	8.6	0	0.6114858934728292	2.6032850965624146	1.0324099920189336
0	7.0	8.6	0	0.6114858934728292	2.6032850965624146	1.0324099920189336
0	8.0	8.6	0	0.6114858934728292	2.6032850965624146	1.0324099920189336
0	9.0	8.6	0	0.6710103420994805	2.642703438701356	1.0365514996352794
0	10.0	8.6	0	0.6710103420994805	2.642703438701356	1.0365514996352794
0	10.0	8.7	0	0.6710103420994805	2.642703438701356	1.0365514996352794
0	9.0	8.7	0	0.28286737445532395	2.0568065914858646	1.24695402368968
0	8.0	8.7	0	0.3696506020477915	2.1194276227715876	1.0369713543754842
0	7.0	8.7	0	0.4750918130039751	2.2887551581770147	1.0554678077286586
0	6.0	8.7	0	0.5360874876303544	2.4217912604078653	1.051653252396611
0	5.0	8.7	0	0.5360874876303544	2.4217912604078653	1.051653252396611
0	4.0	8.7	0	0.5929236479142475	2.5141391888728584	1.039247596993664
0	3.0	8.7	0	0.5929236479142475	2.5141391888728584	1.039247596993664
0	2.0	8.7	0	0.5929236479142475	2.5141391888728584	1.039247596993664
0	1.0	8.7	0	0.655550054236733	2.571099605594235	1.0385633493398105
0	0.0	8.7	0	0.655550054236733	2.571099605594235	1.0385633493398105
0	0.0	8.8	0	0.655550054236733	2.571099605594235	1.0385633493398105
0	1.0	8.8	0	0.2830469817100725	2.0563990805682586	1.2468847459386507
0	2.0	8.8	0	0.3699009573530913	2.1188689880137614	1.0373827363936572
0	3.0	8.8	0	0.4761438894368684	2.287807979256752	1.0561611135899613
0	4.0	8.8	0	0.5375897098968628	2.420302900551702	1.0519945821732442
0	5.0	8.8	0	0.5375897098968628	2.420302900551702	1.0519945821732442
0	6.0	8.8	0	0.5938241160975839	2.5132292861521193	1.0390264226924464
0	7.0	8.8	0	0.5938241160975839	2.5132292861521193	1.0390264226924464
0	8.0	8.8	0	0.5938241160975839	2.5132292861521193	1.0390264226924464
0	9.0	8.8	0	0.6584947427609913	2.5681353821495363	1.038881585054071
0	10.0	8.8	0	0.6584947427609913	2.5681353821495363	1.038881585054071
0	10.0	8.9	0	0.6584947427609913	2.5681353821495363	1.038881585054071
0	9.0	8.9	0	0.28306622007703475	2.056864055748225	1.2499789055646096
0	8.0	8.9	0	0.4263438253092596	2.345393444088138	1.0845886934243827
0	7.0	8.9	0	0.5035488221132761	2.449278762773482	1.0533494019695429
0	6.0	8.9	0	0.5572819946997116	2.544424723335419	1.0460623772601374
0	5.0	8.9	0	0.5572819946997116	2.544424723335419	1.0460623772601374
0	4.0	8.9	0	0.611702478834042	2.6030030393448933	1.032502488908007
0	3.0	8.9	0	0.611702478834042	2.6030030393448933	1.032502488908007
0	2.0	8.9	0	0.611702478834042	2.6030030393448933	1.032502488908007
0	1.0	8.9	0	0.6710683867610056	2.64260701311556	1.0365088600636685
0	0.0	8.9	0	0.6710683867610056	2.64260701311556	1.0365088600636685
0	0.0	9.0	0	0.6710683867610056	2.64260701311556	1.0365088600636685
0	1.0	9.0	0	0.2828261762851777	2.056905527304316	1.247173039809356
0	2.0	9.0	0	0.36959946158497464	2.1194127270194456	1.0370417905572107
0	3.0	9.0	0	0.4750723397825807	2.288770000212939	1.0555902498893315
0	4.0	9.0	0	0.5360905575791038	2.4217762387275914	1.0517550656036567
0	5.0	9.0	0	0.5360905575791038	2.4217762387275914	1.0517550656036567
0	6.0	9.0	0	0.592863296099807	2.514161239946635	1.0392627939212196
0	7.0	9.0	0	0.592863296099807	2.514161239946635	1.0392627939212196
0	8.0	9.0	0	0.592863296099807	2.514161239946635	1.0392627939212196
0	9.0	9.0	0	0.6558846384841436	2.5707193169295097	1.0386984300252562
0	10.0	9.0	0	0.6558846384841436	2.5707193169295097	1.0386984300252562
0	10.0	9.1	0	0.6558846384841436	2.5707193169295097	1.0386984300252562
0	9.0	9.1	0	0.2830506671464448	2.0565318778114414	1.2474360933408954
0	8.0	9.1	0	0.42540051612708213	2.3466126208311024	1.084741607098021
0	7.0	9.1	0	0.5030051657354631	2.4500321344883504	1.0533152047457228
0	6.0	9.1	0	0.5570976348960598	2.544759321285209	1.0461663235469278
0	5.0	9.1	0	0.5570976348960598	2.544759321285209	1.0461663235469278
0	4.0	9.1	0	0.6114182862590234	2.603314107999921	1.0324366421885502
0	3.0	9.1	0	0.6114182862590234	2.603314107999921	1.0324366421885502
0	2.0	9.1	0	0.6114182862590234	2.603314107999921	1.0324366421885502
0	1.0	9.1	0	0.6714112550294999	2.64224470970893	1.0367011681644405
0	0.0	9.1	0	0.6714112550294999	2.64224470970893	1.0367011681644405
0	0.0	9.2	0	0.6714112550294999	2.64224470970893	1.0367011681644405
0	1.0	9.2	0	0.2828550925770516	2.057014408548877	1.247621472386005
0	2.0	9.2	0	0.4251829316807431	2.3470279120851023	1.0842083951431376
0	3.0	9.2	0	0.5018739668111429	2.4510457840910096	1.0528288867198448
0	4.0	9.2	0	0.5555547409090418	2.5462558985658217	1.0461704068616535
0	5.0	9.2	0	0.5555547409090418	2.5462558985658217	1.0461704068616535
0	6.0	9.2	0	0.6104137322886756	2.604115453230283	1.0325828373328323
0	7.0	9.2	0	0.6104137322886756	2.604115453230283	1.0325828373328323
0	8.0	9.2	0	0.6104137322886756	2.604115453230283	1.0325828373328323
0	9.0	9.2	0	0.6682662230205915	2.645265032676484	1.0363944510435186
0	10.0	9.2	0	0.6682662230205915	2.645265032676484	1.0363944510435186
0	10.0	9.3	0	0.6682662230205915	2.645265032676484	1.0363944510435186
0	9.0	9.3	0	0.2828573350826286	2.056442442535046	1.2443467490071645
0	8.0	9.3	0	0.36950498442254487	2.1208174584370565	1.0378847407728895
0	7.0	9.3	0	0.4748022212328023	2.289422801565946	1.055275579726828
0	6.0	9.3	0	0.5359236753628803	2.422246905493387	1.0515371640697797
0	5.0	9.3	0	0.5359236753628803	2.422246905493387	1.0515371640697797
0	4.0	9.3	0	0.5927013652573994	2.514573258138917	1.0391786051325371
0	3.0	9.3	0	0.5927013652573994	2.514573258138917	1.0391786051325371
0	2.0	9.3	0	0.5927013652573994	2.514573258138917	1.0391786051325371
0	1.0	9.3	0	0.6559131162427769	2.570867557295347	1.0387248501494812
0	0.0	9.3	0	0.6559131162427769	2.570867557295347	1.0387248501494812
0	0.0	9.4	0	0.6559131162427769	2.570867557295347	1.0387248501494812
0	1.0	9.4	0	0.28307546921280907	2.0564926369734664	1.2473330751680243
0	2.0	9.4	0	0.4254616735119263	2.346576914397071	1.0846384627100012
0	3.0	9.4	0	0.5030472458856957	2.4499925744525575	1.0531748623697201
0	4.0	9.4	0	0.5571140220364669	2.5447729555191407	1.0460928270521936
0	5.0	9.4	0	0.5571140220364669	2.5447729555191407	1.0460928270521936
0	6.0	9.4	0	0.6114855549154237	2.6032851103505372	1.0324090646983464
0	7.0	9.4	0	0.6114855549154237	2.6032851103505372	1.0324090646983464
0	8.0	9.4	0	0.6114855549154237	2.6032851103505372	1.0324090646983464
0	9.0	9.4	0	0.6710099401726515	2.642703595086881	1.0365505690299421
0	10.0	9.4	0	0.6710099401726515	2.642703595086881	1.0365505690299421
0	10.0	9.5	0	0.6710099401726515	2.642703595086881	1.0365505690299421
0	9.0	9.5	0	0.2828673756599206	2.056806574564284	1.2469540398816434
0	8.0	9.5	0	0.3696506233882162	2.119427834208037	1.0369713575819364
0	7.0	9.5	0	0.4750899588666476	2.2887533413420242	1.055462355893177
0	6.0	9.5	0	0.5360853104586446	2.4217912086361975	1.051649251755024
0	5.0	9.5	0	0.5360853104586446	2.4217912086361975	1.051649251755024
0	4.0	9.5	0	0.5929214738083525	2.5141396344970794	1.0392439555898718
0	3.0	9.5	0	0.5929214738083525	2.5141396344970794	1.0392439555898718
0	2.0	9.5	0	0.5929214738083525	2.5141396344970794	1.0392439555898718
0	1.0	9.5	0	0.6555528419854658	2.571099159265223	1.0385724073994385
0	0.0	9.5	0	0.6555528419854658	2.571099159265223	1.0385724073994385
0	0.0	9.6	0	0.6555528419854658	2.571099159265223	1.0385724073994385
0	1.0	9.6	0	0.28304697416902636	2.0563994567753983	1.246884382351106
0	2.0	9.6	0	0.3698967527066852	2.1188603324775244	1.0373628242730502
0	3.0	9.6	0	0.4761375291227507	2.287820498055257	1.056175171402404
0	4.0	9.6	0	0.5375906410750065	2.4202968324104184	1.051986752212975
0	5.0	9.6	0	0.5375906410750065	2.4202968324104184	1.051986752212975
0	6.0	9.6	0	0.5938282527982472	2.513224168536051	1.0390263317675146
0	7.0	9.6	0	0.5938282527982472	2.513224168536051	1.0390263317675146
0	8.0	9.6	0	0.5938282527982472	2.513224168536051	1.0390263317675146
0	9.0	9.6	0	0.6584952951792175	2.5681312837026784	1.038871433048643
0	10.0	9.6	0	0.6584952951792175	2.5681312837026784	1.038871433048643
0	10.0	9.7	0	0.6584952951792175	2.5681312837026784	1.038871433048643
0	9.0	9.7	0	0.2830561594232327	2.0568766633871283	1.2499967468332178
0	8.0	9.7	0	0.4263516245372589	2.3453855654228124	1.0845657325276
0	7.0	9.7	0	0.5035548669314699	2.449286161104446	1.0533613297626716
0	6.0	9.7	0	0.5572831615468161	2.5444296673552715	1.046062644246843
0	5.0	9.7	0	0.5572831615468161	2.5444296673552715	1.046062644246843
0	4.0	9.7	0	0.6116992538271008	2.603006911369431	1.0324915261948313
0	3.0	9.7	0	0.6116992538271008	2.603006911369431	1.0324915261948313
0	2.0	9.7	0	0.6116992538271008	2.603006911369431	1.0324915261948313
0	1.0	9.7	0	0.6710726760648789	2.6426076468080355	1.0365174551943062
0	0.0	9.7	0	0.6710726760648789	2.6426076468080355	1.0365174551943062
0	0.0	9.8	0	0.6710726760648789	2.6426076468080355	1.0365174551943062
0	1.0	9.8	0	0.2828200061368256	2.0569163464471147	1.2471660428486206
0	2.0	9.8	0	0.3695978410134347	2.1194418043885217	1.0370599482530982
0	3.0	9.8	0	0.47506954481796354	2.2887926055348395	1.0556049072203073
0	4.0	9.8	0	0.5360867084792066	2.421793681069283	1.0517677596854687
0	5.0	9.8	0	0.5360867084792066	2.421793681069283	1.0517677596854687
0	6.0	9.8	0	0.592865495183194	2.514160459748326	1.0392535130429674
0	7.0	9.8	0	0.592865495183194	2.514160459748326	1.0392535130429674
0	8.0	9.8	0	0.592865495183194	2.514160459748326	1.0392535130429674
0	9.0	9.8	0	0.655881908531998	2.570732500448222	1.038712734287471
0	10.0	9.8	0	0.655881908531998	2.570732500448222	1.038712734287471
0	10.0	9.9	0	0.655881908531998	2.570732500448222	1.038712734287471
0	9.0	9.9	0	0.2830585636492477	2.0565134897447703	1.2474003206773523
0	8.0	9.9	0	0.42540716244029053	2.34661212364843	1.0847379630934844
0	7.0	9.9	0	0.5030105442827756	2.4500287998440426	1.0533047481740554
0	6.0	9.9	0	0.55709226496211	2.544772829900422	1.0461730534766656
0	5.0	9.9	0	0.55709226496211	2.544772829900422	1.0461730534766656
0	4.0	9.9	0	0.6114217691909305	2.6033101588711034	1.0324288346915458
0	3.0	9.9	0	0.6114217691909305	2.6033101588711034	1.0324288346915458
0	2.0	9.9	0	0.6114217691909305	2.6033101588711034	1.0324288346915458
0	1.0	9.9	0	0.6714151806902157	2.642240747820588	1.0366935890561637
0	0.0	9.9	0	0.6714151806902157	2.642240747820588	1.0366935890561637
0	0.0	10.0	0	0.6714151806902157	2.642240747820588	1.0366935890561637
0	1.0	10.0	0	0.28285442479606265	2.0570135931797147	1.247624789923829
0	2.0	10.0	0	0.42518173898381234	2.347026626870044	1.0842103236506855
0	3.0	10.0	0	0.501875661913067	2.451044630770266	1.0528347264042606
0	4.0	10.0	0	0.55555258316468	2.546254280220342	1.0461651210701752
0	5.0	10.0	0	0.55555258316468	2.546254280220342	1.0461651210701752
0	6.0	10.0	0	0.6104170847732039	2.6041139506222346	1.0325918017719988
0	7.0	10.0	0	0.6104170847732039	2.6041139506222346	1.0325918017719988
0	8.0	10.0	0	0.6104170847732039	2.6041139506222346	1.0325918017719988
0	9.0	10.0	0	0.6682661108244026	2.6452645545007605	1.036394103453044
0	10.0	10.0	0	0.6682661108244026	2.6452645545007605	1.036394103453044
