Mode	X(mm)	Y(mm)	Z(mm)	Pmod	Vel/Time
1	0.000000	0.000000	0	0	0
0	5.0	0.0	0	1.0	3.0	1.0
0	10.0	0.0	0	1.0	3.0	1.0
1	9.942265	0.100000	0	0	0.00167188
0	4.942265000000001	0.1	0	0.8435609160516776	3.0	1.0007160732629998
0	0.057735	0.1	0	0.9077416309210335	3.0	1.010537633909
1	0.115470	0.200000	0	0	0.00167188
0	5.11547	0.2	0	0.7920248462539727	3.0	1.0115747528855
0	9.88453	0.2	0	0.8567170245783343	3.0	1.0208971178955
1	9.826795	0.300000	0	0	0.00167188
0	4.826795000000001	0.3	0	0.7667296011298933	3.0	1.0119787142155
0	0.173205	0.3	0	0.8322282280004315	3.0	1.026178738211
1	0.230940	0.400000	0	0	0.00167188
0	5.23094	0.4	0	0.7480116148453487	3.0	1.0134183850655
0	9.76906	0.4	0	0.813510591680684	3.0	1.028840062143
1	9.711325	0.500000	0	0	0.00167188
0	4.711325	0.5	0	0.7356888924712102	3.0	1.0136678991615
0	0.288675	0.5	0	0.7995744015715989	3.0	1.0315639557245
1	0.346410	0.600000	0	0	0.00167188
0	5.34641	0.6	0	0.7356888924712102	3.0	1.0136678991615
0	9.65359	0.6	0	0.78961967341789	3.0	1.032871665269
1	9.595855	0.700000	0	0	0.00167188
0	4.595855	0.7	0	0.7206893057871434	3.0	1.0108290735675
0	0.404145	0.7	0	0.78961967341789	3.0	1.032871665269
1	0.461880	0.800000	0	0	0.00167188
0	5.46188	0.8	0	0.7206893057871434	3.0	1.0108290735675
0	9.53812	0.8	0	0.7750420459500476	3.0	1.0338142248339999
1	9.480385	0.900000	0	0	0.00167188
0	4.480385	0.9	0	0.7206893057871434	3.0	1.0108290735675
0	0.519615	0.9	0	0.7750420459500476	3.0	1.0338142248339999
1	0.577350	1.000000	0	0	0.00167188
0	5.57735	1.0	0	0.7082387019200289	3.0	1.0089703534
0	9.42265	1.0	0	0.7637538197984243	3.0	1.035454333135
1	9.364915	1.100000	0	0	0.00167188
0	4.364915	1.1	0	0.7082387019200289	3.0	1.0089703534
0	0.635085	1.1	0	0.7637538197984243	3.0	1.035454333135
1	0.692820	1.200000	0	0	0.00167188
0	5.69282	1.2	0	0.7082387019200289	3.0	1.0089703534
0	9.30718	1.2	0	0.7637538197984243	3.0	1.035454333135
1	9.249445	1.300000	0	0	0.00167188
0	4.249445	1.3	0	0.7082387019200289	3.0	1.0089703534
0	0.750555	1.3	0	0.7517785193291231	3.0	1.036580412503
1	0.808290	1.400000	0	0	0.00167188
0	5.8082899999999995	1.4	0	0.7082387019200289	3.0	1.0089703534
0	9.19171	1.4	0	0.7517785193291231	3.0	1.036580412503
1	9.133975	1.500000	0	0	0.00167188
0	4.1339749999999995	1.5	0	0.6966530258322585	3.0	1.0071212638105
0	0.866025	1.5	0	0.7517785193291231	3.0	1.036580412503
1	0.923760	1.600000	0	0	0.00167188
0	5.92376	1.6	0	0.6966530258322585	3.0	1.0071212638105
0	9.07624	1.6	0	0.7517785193291231	3.0	1.036580412503
1	9.018505	1.700000	0	0	0.00167188
0	4.018504999999999	1.7	0	0.6966530258322585	3.0	1.0071212638105
0	0.981495	1.7	0	0.7413008365198765	3.0	1.0377195255895
1	1.039230	1.800000	0	0	0.00167188
0	6.03923	1.8	0	0.6966530258322585	3.0	1.0071212638105
0	8.96077	1.8	0	0.7413008365198765	3.0	1.0377195255895
1	8.903034	1.900000	0	0	0.00167188
0	3.903034000000001	1.9	0	0.6966530258322585	3.0	1.0071212638105
0	1.096966	1.9	0	0.7413008365198765	3.0	1.0377195255895
1	1.154701	2.000000	0	0	0.00167188
0	6.154701	2.0	0	0.6966530258322585	3.0	1.0071212638105
0	8.845299	2.0	0	0.7413008365198765	3.0	1.0377195255895
1	8.787564	2.100000	0	0	0.00167188
0	3.7875639999999997	2.1	0	0.6966530258322585	3.0	1.0071212638105
0	1.212436	2.1	0	0.7328241276458547	3.0	1.0389259338655
1	1.270171	2.200000	0	0	0.00167188
0	6.270171000000001	2.2	0	0.6966530258322585	3.0	1.0071212638105
0	8.729829	2.2	0	0.7328241276458547	3.0	1.0389259338655
1	8.672094	2.300000	0	0	0.00167188
0	3.6720939999999986	2.3	0	0.6966530258322585	3.0	1.0071212638105
0	1.327906	2.3	0	0.7328241276458547	3.0	1.0389259338655
1	1.385641	2.400000	0	0	0.00167188
0	6.385641	2.4	0	0.6865423636936051	3.0	1.0065754728385
0	8.614359	2.4	0	0.7328241276458547	3.0	1.0389259338655
1	8.556624	2.500000	0	0	0.00167188
0	3.5566239999999993	2.5	0	0.6865423636936051	3.0	1.0065754728385
0	1.443376	2.5	0	0.7328241276458547	3.0	1.0389259338655
1	1.501111	2.600000	0	0	0.00167188
0	6.501110999999999	2.6	0	0.6865423636936051	3.0	1.0065754728385
0	8.498889	2.6	0	0.7240519128516381	3.0	1.039963391677
1	8.441154	2.700000	0	0	0.00167188
0	3.441153999999999	2.7	0	0.6865423636936051	3.0	1.0065754728385
0	1.558846	2.7	0	0.7240519128516381	3.0	1.039963391677
1	1.616581	2.800000	0	0	0.00167188
0	6.616581	2.8	0	0.6865423636936051	3.0	1.0065754728385
0	8.383419	2.8	0	0.7240519128516381	3.0	1.039963391677
1	8.325684	2.900000	0	0	0.00167188
0	3.3256840000000008	2.9	0	0.6865423636936051	3.0	1.0065754728385
0	1.674316	2.9	0	0.7240519128516381	3.0	1.039963391677
1	1.732051	3.000000	0	0	0.00167188
0	6.732051000000001	3.0	0	0.6865423636936051	3.0	1.0065754728385
0	8.267949	3.0	0	0.7240519128516381	3.0	1.039963391677
1	8.210214	3.100000	0	0	0.00167188
0	3.2102140000000006	3.1	0	0.6865423636936051	3.0	1.0065754728385
0	1.789786	3.1	0	0.715340564017038	3.0	1.0415001479694999
1	1.847521	3.200000	0	0	0.00167188
0	6.847521	3.2	0	0.6865423636936051	3.0	1.0065754728385
0	8.152479	3.2	0	0.715340564017038	3.0	1.0415001479694999
1	8.094744	3.300000	0	0	0.00167188
0	3.0947440000000004	3.3	0	0.6865423636936051	3.0	1.0065754728385
0	1.905256	3.3	0	0.715340564017038	3.0	1.0415001479694999
1	1.962991	3.400000	0	0	0.00167188
0	6.962991	3.4	0	0.6865423636936051	3.0	1.0065754728385
0	8.037009	3.4	0	0.715340564017038	3.0	1.0415001479694999
1	7.979274	3.500000	0	0	0.00167188
0	2.979274	3.5	0	0.6865423636936051	3.0	1.0065754728385
0	2.020726	3.5	0	0.715340564017038	3.0	1.0415001479694999
1	2.078461	3.600000	0	0	0.00167188
0	7.078461	3.6	0	0.6865423636936051	3.0	1.0065754728385
0	7.921539	3.6	0	0.715340564017038	3.0	1.0415001479694999
1	7.863804	3.700000	0	0	0.00167188
0	2.863804	3.7	0	0.6865423636936051	3.0	1.0065754728385
0	2.136196	3.7	0	0.715340564017038	3.0	1.0415001479694999
1	2.193931	3.800000	0	0	0.00167188
0	7.193931	3.8	0	0.6865423636936051	3.0	1.0065754728385
0	7.806069	3.8	0	0.715340564017038	3.0	1.0415001479694999
1	7.748334	3.900000	0	0	0.00167188
0	2.748334	3.9	0	0.6865423636936051	3.0	1.0065754728385
0	2.251666	3.9	0	0.715340564017038	3.0	1.0415001479694999
1	2.309401	4.000000	0	0	0.00167188
0	7.309400999999999	4.0	0	0.6803716402588711	3.0	1.012751308771
0	7.690599	4.0	0	0.715340564017038	3.0	1.0415001479694999
1	7.632864	4.100000	0	0	0.00167188
0	2.6328639999999996	4.1	0	0.6803716402588711	3.0	1.012751308771
0	2.367136	4.1	0	0.715340564017038	3.0	1.0415001479694999
1	2.424871	4.200000	0	0	0.00167188
0	7.4248709999999996	4.2	0	0.688259197885186	3.0	1.0283124523809999
0	7.575129	4.2	0	0.715340564017038	3.0	1.0415001479694999
1	7.517394	4.300000	0	0	0.00167188
0	2.5173940000000004	4.3	0	0.688259197885186	3.0	1.0283124523809999
0	2.482606	4.3	0	0.715340564017038	3.0	1.0415001479694999
1	2.540341	4.400000	0	0	0.00167188
0	7.459659	4.4	0	0.694349710435783	3.0	1.0472078397014999
1	7.401924	4.500000	0	0	0.00167188
0	2.598076	4.5	0	0.694349710435783	3.0	1.0472078397014999
1	2.655811	4.600000	0	0	0.00167188
0	7.344189	4.6	0	0.694349710435783	3.0	1.0472078397014999
1	7.286454	4.700000	0	0	0.00167188
0	2.713546	4.7	0	0.6844430430845273	3.0	1.0461692269625
1	2.771281	4.800000	0	0	0.00167188
0	7.228719	4.8	0	0.6844430430845273	3.0	1.0461692269625
1	7.170984	4.900000	0	0	0.00167188
0	2.829016	4.9	0	0.6844430430845273	3.0	1.0461692269625
1	2.886751	5.000000	0	0	0.00167188
0	7.113249	5.0	0	0.6844430430845273	3.0	1.0461692269625
1	7.055514	5.100000	0	0	0.00167188
0	2.944486	5.1	0	0.6763929238522871	3.0	1.048142580572
1	3.002221	5.200000	0	0	0.00167188
0	6.997779	5.2	0	0.6763929238522871	3.0	1.048142580572
1	6.940044	5.300000	0	0	0.00167188
0	3.059956	5.3	0	0.6763929238522871	3.0	1.048142580572
1	3.117691	5.400000	0	0	0.00167188
0	6.882309	5.4	0	0.6763929238522871	3.0	1.048142580572
1	6.824574	5.500000	0	0	0.00167188
0	3.175426	5.5	0	0.6763929238522871	3.0	1.048142580572
1	3.233162	5.600000	0	0	0.00167188
0	6.766838	5.6	0	0.6659692030609796	3.0	1.0492229494479999
1	6.709103	5.700000	0	0	0.00167188
0	3.290897	5.7	0	0.6659692030609796	3.0	1.0492229494479999
1	3.348632	5.800000	0	0	0.00167188
0	6.651368	5.8	0	0.6659692030609796	3.0	1.0492229494479999
1	6.593633	5.900000	0	0	0.00167188
0	3.406367	5.9	0	0.6659692030609796	3.0	1.0492229494479999
1	3.464102	6.000000	0	0	0.00167188
0	6.535898	6.0	0	0.6580727352423057	3.0	1.050517983619
1	6.478163	6.100000	0	0	0.00167188
0	3.521837	6.1	0	0.6580727352423057	3.0	1.050517983619
1	3.579572	6.200000	0	0	0.00167188
0	6.420428	6.2	0	0.6580727352423057	3.0	1.050517983619
1	6.362693	6.300000	0	0	0.00167188
0	3.637307	6.3	0	0.6580727352423057	3.0	1.050517983619
1	3.695042	6.400000	0	0	0.00167188
0	6.304958	6.4	0	0.6484829723037306	3.0	1.051736961856
1	6.247223	6.500000	0	0	0.00167188
0	3.752777	6.5	0	0.6484829723037306	3.0	1.051736961856
1	3.810512	6.600000	0	0	0.00167188
0	6.189488	6.6	0	0.6484829723037306	3.0	1.051736961856
1	6.131753	6.700000	0	0	0.00167188
0	3.868247	6.7	0	0.6484829723037306	3.0	1.051736961856
1	3.925982	6.800000	0	0	0.00167188
0	6.074018	6.8	0	0.6383929359052554	3.0	1.053050813251
1	6.016283	6.900000	0	0	0.00167188
0	3.983717	6.9	0	0.6383929359052554	3.0	1.053050813251
1	4.041452	7.000000	0	0	0.00167188
0	5.958548	7.0	0	0.6383929359052554	3.0	1.053050813251
1	5.900813	7.100000	0	0	0.00167188
0	4.099187	7.1	0	0.6383929359052554	3.0	1.053050813251
1	4.156922	7.200000	0	0	0.00167188
0	5.843078	7.2	0	0.627375534091623	3.0	1.054227648633
1	5.785343	7.300000	0	0	0.00167188
0	4.214657	7.3	0	0.627375534091623	3.0	1.054227648633
1	4.272392	7.400000	0	0	0.00167188
0	5.727608	7.4	0	0.627375534091623	3.0	1.054227648633
1	5.669873	7.500000	0	0	0.00167188
0	4.330127	7.5	0	0.627375534091623	3.0	1.054227648633
1	4.387862	7.600000	0	0	0.00167188
0	5.612138	7.6	0	0.627375534091623	3.0	1.054227648633
1	5.554403	7.700000	0	0	0.00167188
0	4.445597	7.7	0	0.627375534091623	3.0	1.054227648633
1	4.503332	7.800000	0	0	0.00167188
0	5.496668	7.8	0	0.627375534091623	3.0	1.054227648633
1	5.438933	7.900000	0	0	0.00167188
0	4.561067	7.9	0	0.631391056214595	3.0	1.028266568801
1	4.618802	8.000000	0	0	0.00167188
0	5.381198	8.0	0	0.6520475093428403	3.0	1.0074859200285
1	5.323463	8.100000	0	0	0.00167188
0	4.676537	8.1	0	0.6869380146383266	3.0	0.9740145044669999
1	4.734272	8.200000	0	0	0.00167188
0	5.265728	8.2	0	0.7613154167810867	3.0	0.918030951121
1	5.207993	8.300000	0	0	0.00167188
0	4.792007	8.3	0	0.9091240656910275	3.0	0.8511367762495
1	4.849742	8.400000	0	0	0.00167188
0	5.150258	8.4	0	1.3450196261812466	3.0	0.7469395437005
1	5.092523	8.500000	0	0	0.00167188
0	4.907477	8.5	0	2.861696100716486	3.0	0.6177974753604999
1	4.965212	8.600000	0	0	0.00167188
0	5.034788	8.6	0	3.0	3.0	0.530258491997
